# Time-series file for input parameter    									
table-name 'Dehesa\_2014'        									
# Air temp from  platform database   									
contents 'dehesa nutrientes 2014'    									
   time-unit 'days'     									
   reference-time 20140401 0    									
   time-function 'non-equidistant'     									
   parameter   'time' unit 'days' 									
parameter  'Flow rate' unit 'm3/s'									
   parameter   'Continuity' unit 'g/m3'									
   parameter   'Dissolved Oxygen' unit 'g/m3'									
   parameter	'Ammonium (NH4)' unit 'gN/m3'   								
   parameter	'Nitrate (NO3)' unit 'gN/m3'   								
   parameter	'Si' unit 'gSi/m3'    								
   parameter	'PO4' unit 'gP/m3'    								
   parameter	'POP1' unit 'gP/m3'    								
   parameter	'PON1' unit 'gN/m3'    								
0	0.44	1	8.69	0.19144	0.1267221064	0.5461478906	0.008423471	0.012646615	0.3161653758
1	0.42	1	8.67	0.1624545	0.1284307913	0.6027931689	0.008609227	0.012673643	0.3168410632
2	0.44	1	8.69	0.15629	0.1269202743	0.6027931689	0.0084893	0.012656193	0.31640483
3	0.42	1	8.67	0.15611	0.1285833662	0.6027931689	0.00866853	0.012682271	0.317056777
4	0.41	1	8.65	0.15654	0.1303081349	0.6573781563	0.008844495	0.012707874	0.3176968506
5	0.39	1	8.63	0.15716	0.1321237017	0.6573781563	0.009026627	0.012734374	0.3183593539
6	0.38	1	8.62	0.15786	0.1340321877	0.7609310563	0.009214974	0.012761779	0.3190444693
7	0.36	1	8.6	0.15861	0.1359434471	0.8101460139	0.009389844	0.012787222	0.3196805563
8	0.35	1	8.58	0.15938	0.1380207945	0.8101460139	0.009579971	0.012814886	0.3203721458
9	0.34	1	8.56	0.16017	0.1400949161	0.8577983251	0.009755135	0.012840372	0.3210093028
10	0.34	1	8.56	0.16089	0.1398175981	0.9039841762	0.009730112	0.012836731	0.3209182837
11	0.34	1	8.57	0.18643248	0.1396916627	0.9039841762	0.009685606	0.012830256	0.3207563913
12	0.33	1	8.55	0.164587845	0.1419213449	0.9487911373	0.009874274	0.012857707	0.3214426731
13	0.32	1	8.53	0.1723268	0.1441717248	0.9487911373	0.010057851	0.012884417	0.3221104317
14	0.31	1	8.52	0.16786	0.1464894927	0.9039841762	0.010234481	0.012910117	0.3227529238
15	0.31	1	8.53	0.17038	0.144871293	0.9039841762	0.010134254	0.012895534	0.3223883483
16	0.32	1	8.53	0.17285	0.1441572111	0.8577983251	0.010098382	0.012890315	0.3222578629
17	0.31	1	8.51	0.17463	0.1464696665	0.8101460139	0.010275942	0.01291615	0.3229037398
18	0.3	1	8.49	0.174148	0.1488858626	0.8101460139	0.010459836	0.012942906	0.3235726534
19	0.34	1	8.57	0.16901	0.1397927478	0.7609310563	0.009660694	0.012826631	0.3206657734
20	0.43	1	8.69	0.16224	0.1270728369	0.7100474807	0.008437431	0.012648646	0.3162161566
21	0.45	1	8.71	0.15397	0.1255207034	0.7100474807	0.008285152	0.01262649	0.3156622415
22	0.44	1	8.71	0.14625	0.1259609072	0.6573781563	0.008293175	0.012627657	0.3156914237
23	0.43	1	8.7	0.145669	2.1756309856	0.6027931689	0.048361111	0.018457542	0.4614385406
24	0.5	1	8.77	0.16607	0.1311724427	0.6027931689	0.008360199	0.012637409	0.3159352234
25	0.48	1	8.75	0.18854	0.122294652	0.5461478906	0.007853155	0.012563634	0.3140908522
26	0.53	1	8.8	0.20885	0.1182818553	0.48728067	0.00734295	0.012489399	0.3122349794
27	0.51	1	8.79	0.22021	0.1197117327	0.4260100514	0.007524689	0.012515842	0.3128960572
28	0.49	1	8.77	0.201485	0.121146372	0.4260100514	0.007700089	0.012541363	0.3135340753
29	0.47	1	8.75	0.16287	0.1226629549	0.3621314013	0.007881946	0.012567823	0.3141955773
30	0.46	1	8.73	0.167852	0.0862356434	0.3621314013	0.007593692	0.012525882	0.3131470543
31	0.44	1	8.71	0.176928	0.086443937	0.2954127849	0.007764662	0.012550758	0.3137689594
32	0.43	1	8.69	0.189321	0.0866568139	0.2954127849	0.007933927	0.012575386	0.31438466
33	0.41	1	8.68	0.201783	0.0868916187	0.2954127849	0.00810951	0.012600934	0.3150233442
34	0.4	1	8.66	0.212882	0.0871315296	0.3621314013	0.008283083	0.012626189	0.3156547152
35	0.38	1	8.64	0.220178856	0.0873696901	0.3621314013	0.00845281	0.012650884	0.3162720981
36	0.37	1	8.62	0.22021	0.0876323597	0.3621314013	0.008629294	0.012676562	0.3169140569
37	0.36	1	8.6	0.22872	0.0878924863	0.3621314013	0.008801964	0.012701686	0.3175421432
38	0.34	1	8.59	0.21779	0.0881778552	0.3621314013	0.008980866	0.012727716	0.3181928991
39	0.33	1	8.57	0.515	0.0884671923	0.2954127849	0.009154916	0.01275304	0.318826007
40	0.32	1	8.55	0.25699	0.088751005	0.2954127849	0.009323321	0.012777543	0.3194385807
41	0.31	1	8.53	0.25488	0.0890630134	0.2255898826	0.00949793	0.012802949	0.3200737203
42	0.3	1	8.52	0.26203	0.0893705374	0.2255898826	0.009665163	0.012827281	0.3206820309
43	0.29	1	8.5	0.26682	0.0897010277	0.2255898826	0.009838662	0.012852525	0.3213131343
44	0.28	1	8.48	0.27103	0.0900306066	0.2255898826	0.010004324	0.012876629	0.3219157278
45	0.27	1	8.46	0.27337	0.0903891703	0.152359665	0.010175152	0.012901485	0.3225371151
46	0.26	1	8.45	0.27133	0.0907399376	0.152359665	0.010338004	0.01292518	0.3231294888
47	0.25	1	8.43	0.26496	0.0911168711	0.0753724449	0.010505043	0.012949484	0.3237370932
48	0.24	1	8.41	0.24102	0.0915249711	0.0753724449	0.010675528	0.012974289	0.3243572323
49	0.23	1	8.39	0.20681	0.0919232734	0.0057782224	0.010837298	0.012997827	0.3249456711
50	0.24	1	8.41	0.166	0.0913770773	0.0057782224	0.010636299	0.012968581	0.3242145362
51	0.25	1	8.44	0.12452	0.0907562236	0.0057782224	0.010372715	0.01293023	0.3232557503
52	0.28	1	8.48	0.1021861	0.0899236	0.0057782224	0.009978471	0.012872868	0.321821689
53	0.31	1	8.53	0.0845	0.0891167995	0.0057782224	0.009549019	0.012810382	0.3202595564
54	0.3	1	8.51	0.0197562	0.0894300365	0.0057782224	0.009718164	0.012834993	0.3208748208
55	0.29	1	8.5	0.10287	0.0895497114	0.0057782224	0.009792027	0.01284574	0.3211434989
56	0.28	1	8.49	0.09327	0.0898723735	0.0057782224	0.009955254	0.012869489	0.3217372369
57	0.27	1	8.47	0.026855	0.0902231284	0.0915685277	0.010122978	0.012893893	0.3223473327
58	0.3	1	8.52	0.09325	0.0893455568	0.0915685277	0.009683783	0.01282999	0.3207497605
59	0.31	1	8.53	0.026458	0.0890846612	0.0915685277	0.00954059	0.012809156	0.3202288969
60	0.3	1	8.51	0.102889	0.0893956891	0.1825613399	0.009708005	0.012833515	0.3208378677
61	0.29	1	8.5	0.12389	0.1050372434	0.1825613399	0.010226115	0.0129089	0.3227224931
62	0.28	1	8.48	0.06578	0.1058671448	0.1825613399	0.010410046	0.012935662	0.3233915427
63	0.27	1	8.46	0.0239756	0.1066383308	0.1825613399	0.010571858	0.012959205	0.3239801338
64	0.26	1	8.44	0.103687	0.1075234585	0.1825613399	0.010752925	0.012985551	0.3246387629
65	0.25	1	8.42	0.16882	0.1084010439	0.1825613399	0.010924848	0.013010565	0.3252641348
66	0.24	1	8.41	0.2515	0.1092761249	0.1825613399	0.01108663	0.013034105	0.3258526162
67	0.23	1	8.39	0.264785	0.1102167778	0.1825613399	0.01125401	0.013058459	0.3264614631
68	0.22	1	8.37	0.22414858	0.1112042101	0.1825613399	0.011424379	0.013083247	0.3270811784
69	0.22	1	8.36	0.19373	0.1121916497	0.0915685277	0.011584647	0.013106566	0.3276641526
70	0.21	1	8.34	0.165189	0.1132475113	0.0915685277	0.011748134	0.013130354	0.3282588377
71	0.2	1	8.32	0.14807	0.1143548989	0.1825613399	0.011914937	0.013154623	0.3288655849
72	0.19	1	8.3	0.156318	0.1154564959	0.1825613399	0.012070816	0.013177304	0.329432593
73	0.19	1	8.29	0.15	0.1166030007	0.1825613399	0.012229164	0.013200343	0.330008584
74	0.18	1	8.27	0.15988	0.1178653405	0.2794286087	0.012390373	0.013223799	0.3305949804
75	0.17	1	8.25	0.18362	0.1190773387	0.2794286087	0.012539142	0.013245445	0.331136128
76	0.17	1	8.23	0.21141	0.120375648	0.1825613399	0.012690207	0.013267425	0.3316856262
77	0.16	1	8.22	0.23701	0.1217213278	0.1825613399	0.012844185	0.013289829	0.332245722
78	0.16	1	8.2	0.25864	0.1230281118	0.1825613399	0.012981319	0.013309782	0.3327445468
79	0.15	1	8.18	0.27179	0.124574271	0.0057782224	0.013142364	0.013333214	0.3333303473
80	0.15	1	8.16	0.27346	0.1260879053	0.0057782224	0.013285947	0.013354105	0.3338526321
81	0.14	1	8.15	0.27191	0.1274740058	0.0915685277	0.013410954	0.013372294	0.3343073434
82	0.14	1	8.13	0.26766	0.1292106596	0.0915685277	0.01355983	0.013393955	0.3348488802
83	0.13	1	8.12	0.2666989748	0.1308146617	0.0915685277	0.013689853	0.013412874	0.3353218386
84	0.13	1	8.1	0.24496	0.1325344111	0.0915685277	0.013822118	0.013432118	0.3358029525
85	0.14	1	8.08	0.22567	0.1307147477	0.0057782224	0.013957049	0.013451751	0.3362937665
86	0.13	1	8.06	0.20418	0.1324558468	0.0057782224	0.014093979	0.013471674	0.336791849
87	0.13	1	8.05	0.18517	0.1340280278	0.0057782224	0.014209626	0.013488501	0.3372125151
88	0.12	1	8.03	0.17806	0.1358225107	0.0057782224	0.014329205	0.013505899	0.3376474825
89	0.12	1	8.02	0.17874	0.1376310557	0.0057782224	0.014448724	0.013523289	0.3380822333
90	0.11	1	8	0.19421	0.1395704432	0.0057782224	0.014570424	0.013540997	0.3385249168
91	0.11	1	7.98	0.222688	0.4236809598	3.5113684573	0.016150428	0.013770887	0.3442721802
92	0.11	1	7.97	0.246845	0.4356488941	3.5113684573	0.016260696	0.013786931	0.3446732828
93	0.1	1	7.95	0.27072	4.2113598978	3.5318552705	0.021876044	0.014603964	0.3650991116
94	0.25	1	8.31	0.28951	0.1977138637	3.1196036411	0.001485928	0.008232942	0.2058235491
95	0.24	1	8.29	0.29129	0.2098246226	2.8460830149	0.000777069	0.009753799	0.2438449629
96	0.23	1	8.27	0.29613	0.222006821	3.0624897103	6.63853E-007	0.011421097	0.2855274148
97	0.25	1	8.29	0.29289	0.217080964	3.2191081473	0.00054124	0.01149975	0.2874937595
98	0.25	1	8.29	0.27224	0.217967783	3.2529823695	0.001707333	0.011669417	0.2917354225
99	0.24	1	8.27	0.23099	0.2202502392	3.323114371	0.002242126	0.011747229	0.2936807347
100	0.23	1	8.25	0.1747045777	0.2736482807	3.3691035924	0.021251194	0.014513049	0.3628262188
101	0.22	1	8.23	0.2501490259	0.2791308739	2.9704074508	0.021188346	0.014503904	0.3625976068
102	0.21	1	8.22	0.26311	0.223668565	3.5676395079	0.001556892	0.011647528	0.2911881962
103	0.21	1	8.2	0.2674	0.2307020231	3.1474362692	0.003676964	0.011955998	0.2988999582
104	0.2	1	8.18	0.2508706804	0.2990428438	3.2802995248	0.021373233	0.014530805	0.3632701366
105	0.19	1	8.17	0.215	0.2547872325	3.7918083628	0.00227221	0.011751607	0.2937901629
106	0.19	1	8.15	0.2	0.3133082598	3.8672568876	0.030873893	0.015913151	0.3978287857
107	0.18	1	8.13	0.20564	0.274856887	3.9505896764	0.002844953	0.011834941	0.2958735175
108	0.17	1	8.12	0.22724	0.2867006931	3.9980726649	0.00396724	0.011998233	0.2999558359
109	0.17	1	8.1	0.2391607517	0.3299038692	3.971049621	0.02064644	0.014425057	0.3606264262
110	0.16	1	8.08	0.24191	0.2947096658	3.8822363512	0.027484208	0.015419952	0.3854988061
111	0.16	1	8.06	0.2530077325	0.3516026021	3.4814185806	0.021362003	0.014529171	0.3632292853
112	0.15	1	8.05	0.26445	0.3119466778	3.7029980361	0.028542436	0.015573924	0.3893481107
113	0.14	1	8.03	0.28265	0.3252175211	4.9549747893	0.029297865	0.015683839	0.3920959822
114	0.14	1	8.02	0.2896484772	0.3753954746	5.0609097238	0.021046135	0.014483213	0.3620803177
115	0.14	1	8	0.29347	0.3622287729	4.0761191433	0.126156329	0.029776746	0.7444186485
116	0.13	1	7.98	0.2941	0.371789389	5.333596168	0.12091199	0.029013695	0.7253423627
117	0.13	1	7.97	0.29292	0.3805964725	5.4989860631	0.120521503	0.028956879	0.7239219683
118	0.12	1	7.95	0.2985464502	0.4135123576	5.6552912311	0.020707447	0.014433934	0.3608483401
119	0.12	1	7.93	0.3180755114	0.4003339764	5.8373110468	0.017809205	0.014012239	0.3503059845
120	0.11	1	7.92	0.31287	0.4493030215	6.1276472391	0.033694354	0.016323528	0.4080882124
121	0.11	1	7.9	0.3076589668	0.4327764783	6.3189659718	0.01917719	0.014211281	0.3552820273
122	0.11	1	7.88	0.30608	0.2346377334	6.546490879	0.088433241	0.024288036	0.6072009125
123	0.1	1	7.86	0.29993	0.2643387347	4.5365861596	0.02070964	0.014434253	0.3608563156
124	0.1	1	7.85	0.29414	0.2271201461	4.4664679003	0.017069287	0.013904581	0.3476145319
125	0.1	1	7.83	0.28879	0.2280045453	4.408543573	0.017189322	0.013922046	0.3480511584
126	0.09	1	7.82	0.2864598	0.2345950191	4.5410482148	0.017280058	0.013935248	0.3483812095
127	0.09	1	7.8	0.28405	0.240681928	4.7383899576	0.017372083	0.013948638	0.3487159523
128	0.09	1	7.78	0.28012	0.2492351844	7.2299418802	0.017466409	0.013962363	0.3490590644
129	0.08	1	7.77	0.27734	0.2603703972	4.880140277	0.01756067	0.013976077	0.3494019363
130	0.08	1	7.75	0.276978556	0.270595297	4.9604953447	0.01765277	0.013989478	0.3497369514
131	0.08	1	7.73	0.27627	0.2797707201	4.9135061029	0.01774888	0.014003462	0.3500865511
132	0.08	1	7.72	0.27788	0.2918059386	4.9896677564	0.017814796	0.014013053	0.3503263215
133	0.07	1	7.7	0.2819288707	0.3245494791	5.0617978012	0.020480254	0.014400877	0.3600219236
134	0.07	1	7.68	0.284	0.3147119111	5.2168861157	0.018014593	0.014042123	0.3510530804
135	0.07	1	7.67	0.29545	0.3316472704	5.2114844004	0.018080813	0.014051758	0.3512939573
136	0.07	1	7.66	0.31128	0.3516251231	5.2294080615	0.018148978	0.014061676	0.3515419083
137	0.06	1	7.64	0.32995	0.36413197	5.3314041007	0.018216105	0.014071443	0.3517860808
138	0.06	1	7.62	0.33764	0.3832279556	5.3632652723	0.018315483	0.014085903	0.3521475683
139	0.06	1	7.6	0.34786	0.4022430496	5.2781369421	0.018383744	0.014095835	0.3523958675
140	0.06	1	7.59	0.3542259566	0.3786740947	7.7483293289	0.020114687	0.014347687	0.3586921748
141	0.05	1	7.57	0.33938	0.417962964	5.4348104353	0.018521671	0.014115903	0.3528975772
142	0.05	1	7.56	0.3286564	0.4118162978	5.333596168	0.018558224	0.014121222	0.3530305403
143	0.05	1	7.55	0.31704	0.410202781	5.2665999933	0.018628586	0.014131459	0.3532864834
144	0.05	1	7.53	0.2911327985	0.4146506129	5.2260478196	0.019867576	0.014311732	0.3577933066
145	0.05	1	7.51	0.25997	0.4265450461	5.2479949452	0.009194408	0.012758786	0.3189696594
146	0.05	1	7.5	0.22453	0.4354581324	5.3141473178	0.008839337	0.012707124	0.3176780889
147	0.05	1	7.48	0.22	0.4500087667	5.331853828	0.020089971	0.014344091	0.3586022682
148	0.04	1	7.47	0.24258	0.4680911023	5.4453176242	0.00968481	0.01283014	0.3207534978
149	0.04	1	7.45	0.28444	0.4818011713	5.5660287222	0.113132068	0.027881716	0.6970428987
150	0.04	1	7.44	0.2986799255	0.4816488847	5.6563562311	0.01988038	0.014313595	0.3578398839
151	0.04	1	7.41	0.30531	0.5106733724	5.7872464377	0.019086853	0.014198137	0.3549534262
152	0.04	1	7.4	0.30752	0.5227390143	5.8411706068	0.01912548	0.014203757	0.3550939321
153	0.04	1	7.39	0.30522	0.9142177763	5.8549598937	0.017466582	0.013962388	0.3490596933
154	0.03	1	7.38	0.30137	0.943419176	6.0003036504	0.017500858	0.013967375	0.3491843709
155	0.03	1	7.35	0.3002761695	0.9663587058	6.0585357137	0.018347062	0.014090497	0.3522624363
156	0.03	1	7.34	0.29537	1.0114718833	6.1783316419	0.017603517	0.013982312	0.3495577933
157	0.03	1	7.32	0.28402	1.045274232	6.3638108236	0.017638283	0.01398737	0.3496842546
158	0.03	1	7.31	0.273498	1.0815880077	6.3803538814	0.017673174	0.013992447	0.349811169
159	0.03	1	7.29	0.26739	1.1080811617	6.531921759	0.01770819	0.013997542	0.3499385394
160	0.03	1	7.28	0.24578	1.1497678251	6.6138607443	0.017742877	0.014002589	0.3500647151
161	0.03	1	7.26	0.21967	1.1800989411	6.7925177784	0.017778145	0.01400772	0.3501930013
162	0.03	1	7.25	0.19559	1.2278707839	6.2692374208	0.01781354	0.01401287	0.3503217511
163	0.02	1	7.23	0.1898	1.2626542826	6.1783316419	0.018105754	0.014055387	0.3513846789
164	0.02	1	7.23	0.15744	1.281255869	6.3099482101	0.018107799	0.014055685	0.3513921193
165	0.02	1	7.21	0.12496	1.3387873897	6.4094676693	0.018142567	0.014060744	0.3515185887
166	0.02	1	7.19	0.10896	1.380924236	6.6307993403	0.018178379	0.014065954	0.3516488536
167	0.02	1	7.17	0.097218	1.4268795506	6.8905105211	0.018214321	0.014071184	0.351779592
168	0.02	1	7.15	0.086249	1.4742108614	6.9109008807	0.018248323	0.014076131	0.3519032742
169	0.02	1	7.15	0.11	1.5244101699	6.972328069	0.018158621	0.014063079	0.3515769833
170	0.02	1	7.13	0.21999	1.5809213247	6.914062592	0.018286598	0.0140817	0.3520425014
171	0.02	1	7.11	0.30519	1.6405992374	6.8905105211	0.018322935	0.014086987	0.3521746769
172	0.02	1	7.11	0.3051940478	1.6462921838	6.8868000611	0.018456999	0.014106493	0.3526623338
173	0.02	1	7.09	0.32358	1.7297005533	6.8905105211	0.018358943	0.014092226	0.3523056537
174	0.02	1	7.06	0.3206984	28.8388628865	3.9459229625	0.018393449	0.014097247	0.3524311699
175	0.12	1	7.72	0.31524	0.3310054039	1.9190727349	0.01651142	0.013823412	0.3455852897
176	0.13	1	7.76	0.29874	0.3025810324	2.8037669233	0.016305706	0.01379348	0.3448370044
177	0.12	1	7.75	0.2839118711	0.3341445398	3.2088140225	0.018164627	0.014063953	0.3515988322
178	0.12	1	7.73	0.27798	0.3103917891	5.0383165847	0.016450749	0.013814584	0.3453645994
179	0.12	1	7.72	0.24316	0.3315574326	5.5206521647	0.016536356	0.01382704	0.3456759956
180	0.11	1	7.7	0.20117	0.3572480306	5.7962353154	0.01662544	0.013840002	0.3460000398
181	0.13	1	7.83	0.16384	0.3254964599	4.0775273967	0.015938009	0.01373998	0.3434995079
182	0.13	1	7.82	0.15	0.3168478081	4.1243279796	0.017016101	0.013896843	0.3474210682
183	0.13	1	7.83	0.14352	0.287357651	4.2286496464	0.004380279	0.012058331	0.301458265
184	0.12	1	7.81	0.14807	0.2842224395	4.3141143162	0.004017444	0.012005538	0.3001384513
185	0.12	1	7.8	0.16194	0.2833647097	4.4209345571	0.003623681	0.011948246	0.2987061402
186	0.12	1	7.78	0.17268	0.2891924834	4.5149969747	0.003196457	0.011886084	0.2971521122
187	0.11	1	7.76	0.17874	0.2869094225	4.622782296	0.002731511	0.011818435	0.2954608712
188	0.11	1	7.75	0.19594	0.2858242047	4.7228981403	0.00222523	0.011744771	0.2936192743
189	0.1	1	7.73	0.21233	0.2860904399	4.8105206418	0.001671211	0.011664161	0.2916040318
190	0.1	1	7.72	0.22685	0.2925731791	4.9092020303	0.001271943	0.011606068	0.2901516908
191	0.14	1	7.97	0.22727	0.2042269019	4.8057791564	0.00708876	0.012452415	0.3113103637
192	0.26	1	8.38	0.24037	0.1269956392	1.3594967526	0.009007098	0.012731533	0.3182883183
193	0.29	1	8.44	0.2515	0.1922277567	1.5638665661	0.000553105	0.011501477	0.2875369183
194	0.31	1	8.49	0.25864	1.1025389737	1.8263061841	0.019701372	0.01428755	0.3571887411
195	0.34	1	8.55	0.2667	1.5283380315	1.7459104364	0.454887422	0.07760712	1.9401779979
196	0.36	1	8.59	0.2666989748	0.1704647864	1.2945691418	0.037116087	0.016821391	0.4205347674
197	0.36	1	8.59	0.2667	0.0794801954	1.3741802537	0.01058904	0.012961705	0.3240426326
198	0.39	1	8.64	0.27072	0.0690338144	0.0753724449	0.00881405	0.012703444	0.3175861071
199	0.39	1	8.63	0.27224	0.0671730015	0.0057782224	0.008762156	0.012695894	0.3173973424
200	0.38	1	8.61	0.27133	0.0655945552	0.0057782224	0.008901165	0.012716119	0.317902987
201	0.36	1	8.6	0.26808	0.0616110321	0.0057782224	0.009053737	0.012738319	0.3184579692
202	0.35	1	8.58	0.026458	0.0611543134	0.0057782224	0.009192805	0.012758553	0.3189638283
203	0.34	1	8.56	0.26256	0.0599446523	0.0057782224	0.009334633	0.012779189	0.3194797277
204	0.32	1	8.54	0.25488	0.0562779969	0.0057782224	0.009472378	0.012799231	0.3199807757
205	0.31	1	8.52	0.24517	0.0526752369	0.0753724449	0.009593189	0.012816809	0.320420225
206	0.3	1	8.51	0.0239756	0.0504743424	0.0057782224	0.009728722	0.012836529	0.3209132252
207	0.29	1	8.49	0.23356	0.0518927319	0.3621314013	0.009867455	0.012856715	0.3214178684
208	0.28	1	8.47	0.22021	0.04855917	0.3621314013	0.009985795	0.012873933	0.3218483277
209	0.27	1	8.45	0.2053	0.0470582421	0.6573781563	0.01009917	0.012890429	0.32226073
210	0.26	1	8.43	0.0197562	0.048417759	1.0802590984	0.010216733	0.012907535	0.3226883679
211	0.25	1	8.42	0.18906	0.1911988495	1.3357724499	0.021709604	0.014579747	0.3644936844
212	0.24	1	8.4	0.17175	0.0429103259	1.4663697164	0.010437519	0.012939659	0.3234914764
213	0.24	1	8.38	0.15367	0.0439961885	1.527640335	0.010545561	0.012955379	0.3238844789
214	0.23	1	8.37	0.01465856	0.0441901341	1.527640335	0.010612919	0.01296518	0.3241294937
215	0.22	1	8.35	0.13522	0.0418823458	1.4973176526	0.010717286	0.012980365	0.3245091284
216	0.22	1	8.37	0.1168	3.9936649693	1.434770197	0.157514858	0.034339412	0.8584852973
217	0.41	1	8.67	0.099008	0.8850814786	1.7243035012	0.024095648	0.014926917	0.3731729184
218	0.43	1	8.7	0.09055684	0.1627857825	1.6431528339	0.008600845	0.012672423	0.3168105724
219	0.42	1	8.68	0.082527	0.126989775	1.3695024476	0.00760828	0.012528005	0.3132001192
220	0.42	1	8.68	0.068215	0.4279850423	1.5573625286	0.01586498	0.013729355	0.3432338644
221	0.43	1	8.7	0.057174	0.4596875989	1.7243035012	0.016210601	0.013779642	0.3444910602
222	0.44	1	8.71	0.0545896	0.1506612268	1.8260999098	0.008063713	0.01259427	0.3148567574
223	0.42	1	8.69	0.050822	0.1266708552	1.8745209389	0.007506924	0.012513257	0.3128314354
224	0.46	1	8.74	0.051028	1.2074213338	1.8981579901	0.03111856	0.01594875	0.3987187618
225	0.55	1	8.82	0.060297	0.2111417955	1.9214285606	0.009375762	0.012785173	0.3196293346
226	0.54	1	8.82	0.07569	0.1361699095	1.8981579901	0.007189455	0.012467066	0.3116766411
227	0.73	1	9.03	0.09	1.1116441426	1.8012907213	0.018623907	0.014130779	0.3532694633
228	0.69	1	8.94	0.11649	0.7001340393	1.6977378213	0.015457401	0.013670052	0.3417512971
229	0.7	1	8.95	0.15495	0.33134401	1.5573625286	0.009397456	0.01278833	0.3197082459
230	0.71	1	8.96	0.19699	0.3559801896	1.4973176526	0.009854035	0.012854762	0.3213690535
231	0.71	1	8.96	0.22458	0.1072431659	1.434770197	0.00545676	0.012214959	0.3053739654
232	0.68	1	8.94	0.2426019023	0.189844395	1.3766507276	0.045857843	0.018093316	0.4523329048
233	0.66	1	8.92	0.224558	0.1093818402	1.3357724499	0.005739193	0.012256053	0.3064013132
234	0.64	1	8.9	0.18565	0.1104907778	1.3012669825	0.005877253	0.01227614	0.3069035066
235	0.62	1	8.88	0.15	0.1195363364	1.2297810088	0.006015582	0.012296267	0.3074066813
236	0.59	1	8.86	0.143521	0.1128640603	1.19271933	0.006158496	0.012317061	0.3079265281
237	0.57	1	8.84	0.145169	0.114085732	1.1547192819	0.006296636	0.01233716	0.3084290122
238	0.55	1	8.83	0.1624545	0.1153959995	1.1547192819	0.006438418	0.01235779	0.3089447442
239	0.53	1	8.81	0.174148	0.1167182194	1.1157321099	0.006575062	0.012377671	0.3094417866
240	0.52	1	8.79	0.17365	0.1177833324	1.1157321099	0.006690041	0.012394401	0.3098600259
241	0.51	1	8.78	0.19144	0.1188887215	1.1157321099	0.006804241	0.012411017	0.3102754274
242	1.42	1	9.41	0.16089	1.4837380172	1.1157321099	0.016281771	0.013789998	0.3447499413
243	0.81	1	9.03	0.145669	0.3073654006	1.0757051584	0.008993045	0.012729488	0.3182371994
