# Time-series file for input parameter    									
table-name 'Duero\_2014'        									
# Air temp from  platform database   									
contents 'Duero nutrientes 2014'    									
   time-unit 'days'     									
   reference-time 20140401 0    									
   time-function 'non-equidistant'     									
   parameter   'time' unit 'days' 									
   parameter   'Flow rate' unit 'm3/s' 									
   parameter   'Continuity' unit 'g/m3'									
   parameter   'Dissolved Oxygen' unit 'g/m3'									
   parameter	'Ammonium (NH4)' unit 'gN/m3'   								
   parameter	'Nitrate (NO3)' unit 'gN/m3'   								
   parameter	'Si' unit 'gSi/m3'    								
   parameter	'PO4' unit 'gP/m3' 								
   parameter	'POP1' unit 'gP/m3'    								
   parameter	'PON1' unit 'gN/m3'    								
0	3.22	1	9.02	0.2853604262	0.1655590579	1.9072678173	0.009756537	0.012840576	0.3210144027
1	3.52	1	9.06	0.29967	0.1720272295	1.9072678173	0.010476978	0.0129454	0.3236350059
2	3.82	1	9.11	0.31204	0.1653411994	1.8700412839	0.009700103	0.012832365	0.320809124
3	3.4	1	9.05	0.32248	0.17039363	1.8511391788	0.010245898	0.012911778	0.3227944549
4	3.45	1	9.05	0.33098	0.1748459169	1.8320391422	0.010729727	0.012982175	0.3245543822
5	3.71	1	9.09	0.33754	0.1814621956	1.7932283839	0.011419291	0.013082507	0.32706267
6	4.32	1	9.17	0.34217	0.1890238892	1.7735088749	0.01224289	0.01320234	0.3300585123
7	5.08	1	9.26	0.34487	0.1970532395	1.7535738477	0.013122071	0.013330261	0.3332565339
8	5.15	1	9.27	0.34562	0.2056368786	1.7130380279	0.014056924	0.013466282	0.3366570606
9	4.88	1	9.24	0.34445	0.2148168313	1.671580861	0.015058539	0.013612017	0.3403004351
10	5.1	1	9.26	0.34133	0.2186348184	1.629159488	0.015736555	0.013710669	0.3427667171
11	4.94	1	9.25	0.33628	0.2158444928	1.6075730015	0.015405423	0.013662489	0.3415622248
12	4.58	1	9.21	0.32038	0.2256724205	1.56361818	0.016484995	0.013819567	0.3454891693
13	4.35	1	9.18	0.30949	0.2361057144	1.5185779454	0.017633458	0.013986668	0.3496667029
14	4.22	1	9.16	0.3111557278	0.2473681687	1.4723973313	0.018864008	0.014165713	0.3541428292
15	3.92	1	9.12	0.29524	0.2518744976	1.4250170876	0.019512989	0.01426014	0.356503497
16	3.64	1	9.08	0.27928	0.2641466086	1.3763732229	0.020860535	0.014456208	0.3614051944
17	3.48	1	9.06	0.268301	0.2770663726	1.326396485	0.02227759	0.014662389	0.3665597319
18	3.32	1	9.03	0.26353	0.2910364131	1.2750117681	0.023795658	0.014883268	0.3720817052
19	6.88	1	9.43	0.26395	0.3979316994	1.2487661811	0.050583669	0.018780924	0.4695230976
20	5.25	1	9.28	0.26569	0.1904174568	1.2221374334	0.016412589	0.013809032	0.3452257918
21	4.75	1	9.23	0.26803	0.1582787542	1.1951141713	0.010148403	0.012897593	0.3224398154
22	3.95	1	9.13	0.27071	0.1502430054	1.1676845293	0.008355151	0.012636674	0.3159168611
23	4.62	1	9.21	0.27359	0.8388530367	1.1398360979	0.183495385	0.038119578	0.9529894613
24	4.55	1	9.2	0.27661	0.1391627264	1.1115558907	0.007004795	0.012440198	0.3110049423
25	5.71	1	9.32	0.27893	0.2293821866	1.0536450959	0.024899444	0.015043869	0.3760967285
26	6.47	1	9.39	0.28362	0.1261879683	1.0828303077	0.005306504	0.012193096	0.3048274068
27	4.88	1	9.24	0.28839	0.1300249681	1.0828303077	0.005741981	0.012256458	0.3064114553
28	4.4	1	9.18	0.29391	0.1341281841	1.0828303077	0.006207013	0.01232412	0.308103009
29	3.93	1	9.12	0.29986	0.1385044073	1.1115558907	0.006700851	0.012395974	0.3098993458
30	3.57	1	9.07	0.30571	0.1363904088	1.1398360979	0.003142957	0.0118783	0.2969575057
31	3.25	1	9.02	0.31031	0.1409019193	1.023985307	0.003441559	0.011921747	0.2980436717
32	2.95	1	8.97	0.3113952786	0.1457335503	0.9631784489	0.003759603	0.011968022	0.299200555
33	2.7	1	8.93	0.30641	0.1508698316	0.931997573	0.004097983	0.012017257	0.3004314129
34	2.49	1	8.88	0.29889	0.1563614969	0.9002743938	0.004457038	0.012069499	0.3017374758
35	2.33	1	8.85	0.28973	0.1622326318	0.9002743938	0.004839408	0.012125134	0.3031283453
36	2.2	1	8.82	0.28008	0.1685076563	0.8679897134	0.005244599	0.012184089	0.3046022296
37	2.07	1	8.79	0.27065	0.2498722959	0.8351232959	0.024125596	0.014931274	0.3732818551
38	1.97	1	8.76	0.26202	0.1822970491	0.8016537913	0.006139831	0.012314345	0.3078586346
39	1.86	1	8.73	0.25462	0.1898804465	0.8016537913	0.006628879	0.012385502	0.3096375489
40	1.78	1	8.71	0.24877	0.1980300405	0.7675586523	0.007149127	0.012461198	0.311529951
41	1.7	1	8.69	0.24616	0.2066746883	0.7328140433	0.007701672	0.012541593	0.313539833
42	1.62	1	8.66	0.24412	0.2158667458	0.6973947396	0.008291964	0.012627481	0.3156870179
43	1.53	1	8.63	0.24383	0.2257749105	0.6612740182	0.008922037	0.012719156	0.3179789091
44	1.45	1	8.61	0.24357	0.2362530278	0.6244235361	0.009585772	0.01281573	0.320393244
45	1.39	1	8.58	0.24333	0.2474772916	0.6244235361	0.010302241	0.012919976	0.3229994033
46	1.36	1	8.57	0.2431	0.9292518918	0.6244235361	0.177285395	0.037216025	0.9304006235
47	1.3	1	8.55	0.2429585	0.2720192372	0.6244235361	0.011856224	0.013146081	0.3286520146
48	1.23	1	8.52	0.24287	0.2856483795	0.6244235361	0.012706491	0.013269794	0.3317448604
49	1.45	1	8.61	0.24244	0.2629683494	0.586813197	0.013621794	0.013402971	0.3350742769
50	1.37	1	8.58	0.24254	0.2046242626	0.5484110033	0.014217935	0.01348971	0.3372427382
51	1.53	1	8.63	0.24232	0.1929653194	0.5484110033	0.011737626	0.013128825	0.328220616
52	2.02	1	8.77	0.268952	0.1674712882	0.5091828931	0.007836898	0.012561269	0.3140317178
53	1.59	1	8.65	0.2041589	0.1586690979	0.5091828931	0.006588798	0.01237967	0.3094917519
54	1.37	1	8.58	0.24226	0.1646839357	0.4690925579	0.007107349	0.012455119	0.3113779812
55	1.35	1	8.57	0.2248956	0.1710517563	0.4690925579	0.007570547	0.012522515	0.3130628655
56	1.23	1	8.52	0.24197	0.1779282533	0.4690925579	0.008152231	0.01260715	0.3151787415
57	1.31	1	8.55	0.201599	0.1852726203	0.4690925579	0.00876752	0.012696674	0.3174168539
58	1.36	1	8.57	0.24111	0.1680418719	0.4281012412	0.006836893	0.012415768	0.3103941973
59	1.41	1	8.59	0.24949	0.1641885481	0.3861675134	0.006324138	0.012341162	0.3085290504
60	1.25	1	8.53	0.25749	0.1691616153	0.3861675134	0.006644604	0.01238779	0.3096947468
61	1.21	1	8.51	0.2656	0.1802554368	0.3432470197	0.0015289	0.008140745	0.2035186289
62	1.14	1	8.49	0.27331	0.1876754837	0.3432470197	0.001529164	0.008140179	0.2035044769
63	1.08	1	8.46	0.28028	0.1956072197	0.3432470197	0.00152934	0.008139802	0.2034950476
64	1.05	1	8.45	0.29154	0.2040208935	0.2992921982	0.001529065	0.00814039	0.203509758
65	1.03	1	8.44	0.2882421851	0.2130369651	0.2992921982	0.001528514	0.008141574	0.2035393407
66	1	1	8.42	0.24580893	0.2226841974	0.2992921982	0.001528361	0.008141901	0.203547515
67	0.98	1	8.41	0.25697858	0.2328974729	0.2992921982	0.001529102	0.008140311	0.2035077864
68	0.98	1	8.41	0.301489	0.2438183476	0.2542519636	0.001529067	0.008140387	0.2035096676
69	0.99	1	8.42	0.286247	0.255493698	0.3432470197	0.001529405	0.008139661	0.203491526
70	1	1	8.42	0.28963414	0.2680129947	0.3861675134	0.001529134	0.008140242	0.203506051
71	1	1	8.42	0.267862	0.2811806173	0.3432470197	0.001529699	0.00813903	0.2034757469
72	1.02	1	8.43	0.2369945	0.2952538862	0.3432470197	0.001528351	0.008141923	0.203548074
73	1.04	1	8.44	0.31842	0.3104058122	0.2992921982	0.001528503	0.008141597	0.2035399353
74	1.02	1	8.43	0.389852	0.3264244535	0.2992921982	0.001528545	0.008141507	0.2035376837
75	0.96	1	8.4	0.31914	0.343414381	0.2542519636	0.001529721	0.008138984	0.2034746092
76	0.92	1	8.38	0.31937	0.3616380077	0.2542519636	0.001530156	0.00813805	0.2034512403
77	0.88	1	8.36	0.31912	0.3811891832	0.2542519636	0.001528595	0.0081414	0.203534997
78	0.84	1	8.34	0.31837	0.4017655292	0.2080713495	0.001528472	0.008141663	0.2035415706
79	0.81	1	8.32	0.31712	0.4237163369	0.3432470197	0.001528275	0.008142087	0.2035521716
80	0.77	1	8.29	0.33689581	0.4473462398	0.3432470197	0.001527864	0.008142967	0.2035741819
81	0.74	1	8.27	0.2052896	0.4717279424	0.2992921982	0.001528092	0.008142479	0.2035619662
82	0.71	1	8.26	0.18635	0.4936934759	0.2992921982	0.001528591	0.008141408	0.2035351937
83	0.69	1	8.24	0.269852	0.5209054032	0.2542519636	0.001527859	0.008142979	0.2035744833
84	0.68	1	8.24	0.312588	0.4884539838	0.2080713495	0.001529455	0.008139555	0.2034888833
85	1.28	1	8.54	0.19457852	0.2833489221	0.2080713495	0.001530248	0.008137852	0.2034463094
86	0.98	1	8.41	0.28232636	0.2975086421	0.2080713495	0.001530139	0.008138087	0.2034521655
87	0.84	1	8.33	0.254896	0.312496063	0.2080713495	0.001529314	0.008139856	0.2034964047
88	0.78	1	8.3	0.2873640888	0.3288165173	0.1606911058	0.001527163	0.008144472	0.2036117892
89	0.73	1	8.27	0.268782	0.345856263	0.1606911058	0.00152871	0.008141152	0.2035288118
90	0.7	1	8.25	0.27965	0.3642081432	0.1606911058	0.001529203	0.008140095	0.2035023843
91	0.67	1	8.23	0.2698552	0.5162788954	1.3280846266	0.001517631	0.008164923	0.2041230852
92	0.65	1	8.21	0.25478869	0.5458706629	1.3280846266	0.001520018	0.008159802	0.2039950399
93	0.65	1	8.21	0.25175	0.5701838475	1.4092970521	0.001517388	0.008165444	0.2041360948
94	0.94	1	8.39	0.2541147	0.3226652319	2.3651627222	0.001541038	0.008114704	0.2028675901
95	0.86	1	8.35	0.251369	0.3395670028	2.2636802598	0.001541709	0.008113263	0.2028315731
96	0.78	1	8.3	0.2547889	0.357433256	1.8766110146	0.001542313	0.008111967	0.2027991834
97	0.74	1	8.27	0.25256	0.3554684695	1.8887495179	0.001543757	0.008108869	0.2027217234
98	0.73	1	8.26	0.3052589	0.3727290484	1.8501388843	0.001544297	0.008107711	0.2026927699
99	0.7	1	8.25	0.24852	0.3928231321	1.663940905	0.001542321	0.008111951	0.2027987686
100	0.67	1	8.68	0.3885510656	0.26	1.6065639567	0.036864299	0.016784755	0.4196188869
101	0.64	1	8.79	0.35944	0.264802	1.4840525583	0.032078028	0.016088353	0.4022088266
102	0.62	1	8.87	0.34573	0.276504889	1.3945017708	0.033094352	0.016236228	0.4059057047
103	0.6	1	8.94	0.33485	0.284136	1.3086872505	0.036572928	0.016742361	0.4185590255
104	0.58	1	8.98	0.31478	0.30851	1.1772721299	0.036325228	0.016706321	0.4176580179
105	0.56	1	8.99	0.3049852	0.31249	0.9278909217	0.036221986	0.016691299	0.4172824742
106	0.54	1	8.98	0.29922	0.335489	0.81628127	0.038373636	0.017004364	0.4251091008
107	0.52	1	8.94	0.2895916244	0.3430582496	0.7086182191	0.035973031	0.016655076	0.4163769006
108	0.49	1	8.85	0.28909	0.32851	0.6174304151	0.035452536	0.016579344	0.4144835997
109	0.46	1	8.73	0.28897	0.30498202	0.5413410843	0.035396141	0.016571139	0.4142784644
110	0.43	1	8.57	0.28904	0.3062947	0.6195615959	0.034152676	0.016390214	0.4097553578
111	0.4	1	8.4	0.2891269	0.298721	0.9845593451	0.033031148	0.016227032	0.4056758007
112	0.37	1	8.24	0.28912	0.2806165	0.7804191297	0.032915583	0.016210217	0.4052554321
113	0.35	1	8.19	0.2892112905	0.2917211869	0.602117438	0.032264958	0.016115551	0.4028887844
114	0.34	1	8.22	0.2893	0.291318	0.4883761638	0.031933936	0.016067388	0.4016846932
115	0.32	1	8.28	0.289017	0.301468	0.4513833234	0.031338996	0.015980824	0.3995205982
116	0.31	1	8.38	0.2894	0.2809458	0.4513833234	0.030996815	0.015931037	0.3982759159
117	0.3	1	8.56	0.28953	0.2756801	0.3972000279	0.031250895	0.015968005	0.3992001299
118	0.28	1	8.75	0.290783	0.269856418	0.2992921982	0.03069498	0.01588712	0.3971779911
119	0.27	1	8.98	0.2903371172	0.2637214537	0.1966103336	0.030205055	0.015815836	0.3953958884
120	0.26	1	9.35	0.2943021611	0.2680816398	0.2234494765	0.03101426	0.015933575	0.3983393704
121	0.25	1	9.37	0.2969134073	0.2387635023	0.22266836	0.027524775	0.015425855	0.3856463682
122	0.24	1	8.93	0.2898041656	0.26	0.1372786093	0.030072642	0.015796569	0.3949142369
123	0.24	1	9.11	0.2878060842	0.32	0.0800126537	0.029941527	0.015777492	0.3944373035
124	0.23	1	9.08	0.28763	0.2894113	0.1324733988	0.028630031	0.015586669	0.3896667361
125	0.23	1	9.03	0.2864157931	0.2385138598	0.1796477364	0.027887903	0.01547869	0.3869672469
126	0.22	1	9.05	0.2930782235	0.2785405087	0.0774456058	0.033040798	0.016228436	0.4057109042
127	0.22	1	8.84	0.2858	0.259712	0.0731051669	0.030909559	0.015918341	0.3979585214
128	0.22	1	8.62	0.2830531678	0.2461013272	0.143000832	0.029058717	0.015649043	0.391226082
129	0.21	1	8.2	0.2782634691	0.2412205215	0.1733072845	0.028566791	0.015577468	0.3894367036
130	0.21	1	8.44	0.2803	0.246782	0.230400395	0.030030554	0.015790446	0.3947611414
131	0.2	1	8.72	0.28601	0.2589458	0.1979342455	0.031036054	0.015936746	0.3984186469
132	0.19	1	8.98	0.2841642761	0.261180852	0.2482565421	0.03162767	0.016022826	0.4005706507
133	0.19	1	8.5	0.2662877699	0.2813244739	0.3001719929	0.034397273	0.016425803	0.4106450812
134	0.18	1	7.25	0.2967022657	0.3	0.3967520555	0.023903481	0.014898957	0.3724739139
135	0.17	1	7.14	0.2916075406	0.38	0.3935374484	0.027531321	0.015426807	0.3856701809
136	0.17	1	7.16	0.2894953997	0.4	0.4048723805	0.029938818	0.015777098	0.3944274513
137	0.16	1	7.49	0.2863329656	0.52	0.4682736937	0.033341398	0.016272173	0.4068043362
138	0.15	1	7.36	0.2858422406	0.5	0.4877132819	0.032807437	0.016194482	0.4048620534
139	0.15	1	7.19	0.2695935912	0.5495595379	0.4351857562	0.068622789	0.021405616	0.5351403955
140	0.24	1	6.37	0.2820019137	0.4480108048	0.0158087243	0.052725032	0.019092492	0.4773123022
141	0.32	1	7.29	0.2882421851	0.6	0.3283565086	0.045496536	0.018040746	0.4510186492
142	0.32	1	7.21	0.2873640888	0.39	0.0755232298	0.043795455	0.017793239	0.4448309666
143	0.33	1	6.96	0.2937231905	0.31	0.1919220389	0.032695441	0.016178187	0.4044546681
144	0.33	1	7.39	0.298147368	0.26	0.0677780128	0.028071828	0.015505451	0.387636274
145	0.32	1	7.38	0.2981892996	0.24	0.078846939	0.028265999	0.015533703	0.3883425708
146	0.32	1	7.46	0.3043130743	0.22	0.248409597	0.020540396	0.014409628	0.3602406905
147	0.31	1	7.18	0.2911655366	0.19	0.3879155957	0.033085384	0.016234923	0.4058730848
148	0.3	1	7.03	0.289992351	0.13	0.4894935283	0.033376858	0.016277333	0.4069333193
149	0.3	1	7	0.2934049575	0.16	0.5043183179	0.028730946	0.015601353	0.3900338175
150	0.29	1	7.13	0.2912645242	0.19	0.5849273277	0.030417623	0.015846764	0.3961691034
151	0.28	1	7.05	0.2891825617	0.2914221649	0.5869502276	0.033449921	0.016287963	0.407199086
152	0.28	1	7.14	0.2877266439	0.21	0.4862982051	0.036327658	0.016706674	0.4176668568
153	0.27	1	7.09	0.2870430508	0.23	0.5112623475	0.036350456	0.016709991	0.417749785
154	0.27	1	7.06	0.2892500664	0.22	0.6129480966	0.032208062	0.016107273	0.4026818271
155	0.26	1	6.99	0.2865066908	0.28	0.7558248514	0.034811798	0.016486117	0.4121529167
156	0.25	1	7	0.2869063766	0.25	0.8118646152	0.032604355	0.016164934	0.4041233401
157	0.25	1	7.1	0.2882051317	0.21	0.8373357312	0.030237313	0.015820529	0.3955132244
158	0.25	1	7.15	0.2884947249	0.22	0.8296185373	0.029906207	0.015772353	0.3943088275
159	0.24	1	7.2	0.2882445347	0.2552957321	0.8137827995	0.029781885	0.015754264	0.3938566065
160	0.24	1	7.19	0.2880246537	0.3	0.8151022579	0.029830037	0.01576127	0.3940317579
161	0.24	1	7.16	0.2854735085	0.28	0.8138339195	0.033009626	0.016223901	0.4055975142
162	0.26	1	7.12	0.2893555591	0.29	0.7375602468	0.029620438	0.015730774	0.3932693444
163	0.26	1	6.97	0.2931919691	0.25	0.7287361317	0.025107556	0.015074149	0.3768537361
164	0.25	1	7.09	0.2933081142	0.21	0.7336356455	0.024279233	0.014953628	0.3738407112
165	0.24	1	7.16	0.2933300207	0.19	0.7844181556	0.023602701	0.014855193	0.3713798265
166	0.23	1	7.29	0.2925168775	0.26	0.7872020483	0.024361838	0.014965647	0.3741411866
167	0.23	1	7.29	0.2921951127	0.26	0.7316481527	0.025068245	0.01506843	0.37671074
168	0.23	1	7.39	0.2942852767	0.17	0.5660067334	0.023419	0.014828465	0.3707116133
169	0.23	1	7.28	0.2841894944	0.19	1.713716899	0.023070887	0.014777814	0.3694453524
170	0.23	1	7.18	0.2791806993	0.23	1.8934913821	0.027196505	0.015378091	0.3844522857
171	0.23	1	7.27	0.283719463	0.13	1.6404554455	0.023364307	0.014820507	0.3705126675
172	0.23	1	7.29	0.2849019446	0.15	1.6515821382	0.022442836	0.014686433	0.3671608153
173	0.23	1	7.27	0.2868238784	0.15	1.4204989643	0.022876513	0.014749533	0.3687383167
174	1.37	1	7.45	0.2660733408	0.16	0.226869354	0.056515383	0.019643988	0.4910997068
175	1.14	1	7.94	0.2803156706	0.2933864423	1.9085788129	0.072035623	0.021902183	0.5475545776
176	0.81	1	7.93	0.1	0.14	0.9628430806	0.056140074	0.019589381	0.4897345209
177	0.71	1	8.19	0.2797798192	0.14	1.6235477142	0.033622972	0.016313142	0.4078285624
178	0.66	1	8.12	0.276430126	0.12	1.4799527097	0.028604818	0.015583001	0.3895750242
179	0.61	1	8.17	0.2711454597	0.17	1.4191474384	0.032228044	0.01611018	0.4027545109
180	0.55	1	7.84	0.2683775403	0.14	1.3887567427	0.034904544	0.016499611	0.4124902806
181	0.5	1	7.7	0.2660740852	0.1	1.4231408664	0.039583869	0.017180453	0.4295113226
182	0.48	1	7.68	0.2705205329	0.11	1.4352875085	0.033283349	0.016263727	0.4065931817
183	0.46	1	8.21	0.2583726123	0.19	1.3351137707	0.045595628	0.018055164	0.4513790979
184	0.45	1	8.24	0.2565207985	0.18	1.2238033765	0.040272939	0.017280713	0.4320178153
185	0.43	1	8.2	0.2468308905	0.07	1.1833884215	0.056452638	0.019634859	0.4908714702
186	0.41	1	8.23	0.2433367476	0.213221741	1.1536756199	0.061649294	0.020390972	0.5097743065
187	0.4	1	8.26	0.248021994	0.2	1.1420393753	0.0492563	0.018587792	0.4646947915
188	0.38	1	8.33	0.2429312437	0.2	1.1383452678	0.059719413	0.020110175	0.502754363
189	0.37	1	8.12	0.2444436754	0.16	1.1435971216	0.057271088	0.019753943	0.4938485828
190	0.36	1	8.18	0.239159597	0.25588764	1.1757375955	0.074391289	0.022244932	0.556123312
191	0.86	1	8.01	0.2655450208	0.2	1.5193043193	0.053471112	0.019201047	0.4800261715
192	2.29	1	8.16	0.2939904447	0.25	2.6727985509	0.057693311	0.019815377	0.4953844191
193	1.76	1	8.13	0.2853604262	0.1	1.8069511829	0.053609309	0.019221154	0.4805288599
194	1.63	1	8.1	0.27835	0.24	2.0278785202	0.110858423	0.0275509	0.6887725123
195	1.83	1	8.33	0.26801	0.26	2.5074059157	0.176007213	0.03703005	0.9257512377
196	2.36	1	8.48	0.2591	0.28	3.208701006	0.015995602	0.01374836	0.3437090024
197	1.97	1	8.56	0.16	0.3	3.3964918345	0.054492742	0.019349694	0.4837423506
198	3.95	1	8.54	0.25175	0.27	1.56536904	0.010211442	0.012906765	0.3226691205
199	2.08	1	8.52	0.24819	0.3	1.025263307	0.007554996	0.012520252	0.3130062969
200	1.49	1	8.59	0.24616	0.26	0.7341772433	0.008137244	0.012604969	0.3151242251
201	1.35	1	8.63	0.24254	0.21	0.5490287033	0.008753885	0.01269469	0.3173672585
202	1.18	1	8.69	0.24197	0.17	0.4698976979	0.009408957	0.012790003	0.3197500808
203	1.09	1	8.67	0.24111	0.17	0.4290512212	0.010110527	0.012892082	0.3223020413
204	1.04	1	8.94	0.24217	0.16	0.5101797331	0.010849832	0.012999651	0.3249912651
205	0.99	1	9.13	0.24604	0.08	1.2759787881	0.011641861	0.013114891	0.3278722687
206	0.94	1	8.81	0.251975	0.06	1.1125569907	0.012483365	0.01323733	0.3309332399
207	0.89	1	8.84	0.25313	0.03	4.0020546549	0.013381229	0.013367969	0.3341992203
208	0.85	1	9.02	0.2639	0.14	2.067057553	0.014331064	0.01350617	0.337654247
209	0.82	1	9.01	0.268301	0.04	1.327440185	0.015348069	0.013654144	0.3413535999
210	0.8	1	9.04	0.27893	0.1	1.0546760159	0.016420351	0.013810161	0.3452540258
211	0.77	1	9.25	0.2954699488	0.2501586448	0.9948150516	0.023966305	0.014908097	0.372702436
212	0.75	1	8.49	0.3113952786	0.08	0.9956201916	0.021187194	0.014503737	0.3625934195
213	0.73	1	8.49	0.3113700047	0.11	0.9956372316	0.021257779	0.014514007	0.3628501702
214	0.71	1	8.55	0.3111038768	0.11	0.9956116716	0.021002499	0.014476864	0.3619215884
215	0.69	1	8.33	0.3091162301	0.14	1.1695589293	0.025629083	0.015150032	0.3787507884
216	0.71	1	8.18	0.3111557278	0.15	1.4507567457	0.026920802	0.015337977	0.3834494156
217	2.43	1	8.24	0.3179909906	0.2	5.3971376713	0.055469338	0.019491789	0.487294717
218	1.86	1	8.57	0.3151403815	0.1503617301	4.2840363113	0.035006263	0.016514411	0.4128602805
219	1.83	1	8.73	0.3146667202	0.1005992386	3.2007870812	0.022575143	0.014705683	0.367642084
220	1.8	1	8.6	0.3127510542	0.1233271587	3.5693081298	0.028485421	0.015565629	0.3891407182
221	1.77	1	8.64	0.3035186665	0.1238676897	3.4302000974	0.028697983	0.015596557	0.3899139137
222	1.74	1	8.66	0.3123231769	0.0854164459	3.1637213499	0.018706316	0.014142769	0.3535692227
223	1.71	1	8.91	0.3145486118	0.0735408861	3.0880473975	0.015484675	0.01367402	0.3418505046
224	2.28	1	8.81	0.309191368	0.1040232095	3.0784261669	0.022579561	0.014706326	0.3676581528
225	3.6	1	8.81	0.2979754619	0.1765777279	2.9786547897	0.037302416	0.016848502	0.4212125386
226	3.23	1	8.69	0.2993826373	0.1302581676	2.7024414294	0.027472094	0.01541819	0.3854547412
227	9.39	1	8.57	0.2635148163	0.7521815222	2.362683228	0.126066868	0.029763729	0.7440932316
228	5.51	1	8.76	0.285627879	0.2327665756	2.3336998346	0.046176283	0.018139649	0.4534912311
229	6.49	1	8.89	0.2920486136	0.2002269351	2.4192214818	0.038755874	0.01705998	0.4264994901
230	10.42	1	8.92	0.2756840479	0.4108833277	2.4739006877	0.072363091	0.02194983	0.5487457444
231	5.47	1	8.85	0.293457411	0.1707596121	2.6292827859	0.03376251	0.016333445	0.4083361299
232	4.3	1	8.92	0.41	0.1340547329	2.7022880694	0.027050058	0.015356784	0.3839195876
233	4.08	1	8.79	0.3015610369	0.1174412215	2.6783000186	0.023495936	0.014839659	0.3709914681
234	3.89	1	8.72	0.3016539318	0.1111637248	2.6416747447	0.022228366	0.014655227	0.3663806813
235	3.62	1	8.62	0.3023034555	0.1050901295	2.6168660543	0.02106597	0.014486099	0.3621524642
236	3.66	1	8.51	0.3023300452	0.1059857943	2.5917235668	0.02124167	0.014511663	0.3627915762
237	3.42	1	8.45	0.302296401	0.1015164793	2.5662036264	0.020417968	0.014391814	0.3597953596
238	3.1	1	8.39	0.3021725157	0.1016029403	2.5917491268	0.02080516	0.014448151	0.3612037713
239	2.98	1	8.34	0.3019713927	0.1056115247	2.6294020659	0.021936269	0.014612727	0.36531818
240	2.7	1	8.44	0.3006982787	0.106276912	2.6169555143	0.022479684	0.014691794	0.3672948498
241	3.32	1	8.39	0.2967278589	0.1398953393	2.5791530374	0.029568985	0.015723287	0.3930821816
242	18.32	1	8.58	0.2709091451	0.8867428538	2.5792936174	0.133350344	0.030823475	0.7705868773
243	22.1	1	8.46	0.2809646695	0.5584978425	2.6044361694	0.086377213	0.023988884	0.5997221112
