# Time-series file for input parameter    									
table-name 'Ebrillos\_2014'        									
# Air temp from  platform database   									
contents 'ebrillos nutrientes 2014'    									
   time-unit 'days'     									
   reference-time 20140401 0    									
   time-function 'non-equidistant'     									
   parameter   'time' unit 'days' 									
   parameter   'Flow rate' unit 'm3/s' 									
   parameter   'Continuity' unit 'g/m3'									
   parameter   'Dissolved Oxygen' unit 'g/m3'									
   parameter	'Ammonium (NH4)' unit 'gN/m3'   								
   parameter	'Nitrate (NO3)' unit 'gN/m3'   								
   parameter	'Si' unit 'gSi/m3'    								
   parameter	'PO4' unit 'gP/m3'  								
   parameter	'POP1' unit 'gP/m3'    								
   parameter	'PON1' unit 'gN/m3'    								
0	1.56	1	9.42	0.17716	0.0909844884	1.4938117263	0.004413919	0.012063225	0.3015806297
1	1.52	1	9.41	0.17111	0.0913846876	1.4532438046	0.004580776	0.012087503	0.3021875715
2	1.53	1	9.41	0.16553	0.0914097845	1.4325411077	0.004563466	0.012084984	0.3021246068
3	1.5	1	9.4	0.16044	0.0917496531	1.4115488532	0.004707648	0.012105963	0.3026490705
4	1.47	1	9.39	0.15582	0.0920861407	1.3902588263	0.004840369	0.012125274	0.3031318414
5	1.43	1	9.37	0.15168	0.092504704	1.3686624576	0.00501944	0.012151328	0.303783212
6	1.39	1	9.36	0.14802	0.0929329009	1.3467508023	0.005201614	0.012177835	0.3044458725
7	1.36	1	9.35	0.14213	0.093373437	1.3019438412	0.005390537	0.012205323	0.3051330793
8	1.32	1	9.34	0.1399	0.0938329629	1.3019438412	0.005582148	0.012233202	0.3058300618
9	1.29	1	9.32	0.1390001914	0.0942990929	1.3245145181	0.005780271	0.012262029	0.3065507371
10	1.26	1	9.31	0.13812	0.0947636902	1.3245145181	0.005986547	0.012292043	0.3073010631
11	1.25	1	9.3	0.1367	0.0950950721	1.3467508023	0.006022269	0.01229724	0.3074310018
12	1.21	1	9.29	0.13566	0.0955948506	1.3467508023	0.006235613	0.012328282	0.3082070422
13	1.18	1	9.27	0.13507	0.0961085562	1.3686624576	0.006452379	0.012359821	0.3089955279
14	1.15	1	9.26	0.13502	0.0966273347	1.3686624576	0.006673101	0.012391936	0.3097984034
15	1.14	1	9.25	0.13562	0.0969819888	1.3467508023	0.006759535	0.012404512	0.310112808
16	1.12	1	9.24	0.1390001914	0.0974695492	1.3245145181	0.006991697	0.012438292	0.310957298
17	1.09	1	9.23	0.14848	0.0980213439	1.3019438412	0.007232211	0.012473287	0.3118321688
18	1.07	1	9.21	0.14848	0.0985914242	1.3019438412	0.00748519	0.012510095	0.3127523769
19	1.17	1	9.26	0.15754	0.0966417478	1.2790285606	0.006409923	0.012353644	0.3088410942
20	1.41	1	9.36	0.157489	0.0930859663	1.2557579901	0.004872794	0.012129992	0.3032497876
21	1.45	1	9.37	0.1529	0.0925675099	1.2321209389	0.00466333	0.012099515	0.3024878633
22	1.44	1	9.37	0.14261	0.0927652442	1.2081056789	0.004726718	0.012108737	0.3027184375
23	1.41	1	9.36	0.12964	0.9194652379	1.2081056789	0.166394478	0.035631397	0.8907849129
24	1.55	1	9.41	0.11647	0.0942156298	1.1836999098	0.004274862	0.012042992	0.3010748096
25	1.51	1	9.39	0.10515	0.0919777307	1.1588907213	0.004393432	0.012060244	0.3015061093
26	1.64	1	9.44	0.0957878	0.0906691815	1.1080071458	0.003890982	0.011987138	0.2996784484
27	1.6	1	9.43	0.106189	0.0910584988	1.0553378213	0.004043118	0.012009274	0.3002318431
28	1.56	1	9.41	0.10308	0.09145216	1.0282934549	0.004197302	0.012031708	0.3007926878
29	1.52	1	9.4	0.126981	0.0918615316	1.0007528339	0.004356916	0.012054931	0.3013732808
30	1.48	1	9.38	0.1161896	0.0752991276	0.9726974053	0.001668407	0.011663753	0.2915938293
31	1.44	1	9.37	0.1238219	0.0752552952	0.9149625286	0.001733353	0.011673203	0.2918300704
32	1.4	1	9.36	0.1259985	0.0752112239	0.885240335	0.001800814	0.011683018	0.2920754623
33	1.36	1	9.34	0.12693	0.0751700173	0.885240335	0.001866723	0.011692608	0.2923152047
34	1.33	1	9.33	0.14487	0.0751324235	0.885240335	0.001935878	0.01170267	0.2925667546
35	1.29	1	9.32	0.16374	0.0750897131	0.885240335	0.002004591	0.011712668	0.2928167012
36	1.26	1	9.3	0.18534	0.0750512514	0.8549176526	0.002074614	0.011722856	0.2930714091
37	1.23	1	9.29	0.20785	0.0750067202	0.8549176526	0.00214418	0.011732978	0.2933244563
38	1.2	1	9.28	0.22801	0.0749653832	0.792370197	0.00221662	0.011743518	0.2935879552
39	1.17	1	9.26	0.23997	0.0749274159	0.7271024476	0.002287948	0.011753896	0.2938474108
40	1.14	1	9.25	0.23997	0.0748860518	0.6588669825	0.002361958	0.011764665	0.2941166233
41	1.11	1	9.24	0.23916	0.0748493445	0.6588669825	0.002436292	0.01177548	0.2943870107
42	1.08	1	9.23	0.23832	0.0748056216	0.6588669825	0.002509989	0.011786203	0.294655086
43	1.05	1	9.21	0.23718	0.0747641091	0.6588669825	0.002587374	0.011797463	0.2949365723
44	1.03	1	9.2	0.23577	0.0747230986	0.6235495476	0.002663668	0.011808564	0.2952140912
45	1	1	9.19	0.23409	0.0746858591	0.5873810088	0.002740254	0.011819707	0.2954926731
46	0.97	1	9.17	0.23213	0.0746479006	0.55031933	0.002819805	0.011831282	0.29578204
47	0.95	1	9.16	0.23106	0.0746037905	0.55031933	0.002895978	0.011842365	0.2960591183
48	0.93	1	9.15	0.22379	0.0745677408	0.5123192819	0.002980307	0.011854635	0.296365867
49	0.9	1	9.14	0.21996	0.0745233598	0.4733321099	0.003057539	0.011865872	0.2966467991
50	0.89	1	9.13	0.21573	0.0745566281	0.4333051584	0.003121962	0.011875246	0.2968811378
51	0.89	1	9.12	0.251125	0.0747364535	0.4333051584	0.003180409	0.01188375	0.2970937385
52	0.93	1	9.14	0.20726	0.0749352933	0.4333051584	0.003044296	0.011863945	0.2965986253
53	1	1	9.17	0.207051289	0.0751073433	0.4333051584	0.002842553	0.011834591	0.2958647856
54	0.97	1	9.16	0.20734	0.0750667468	0.4733321099	0.002922501	0.011846224	0.2961555963
55	0.95	1	9.15	0.23616	0.0750350346	0.4733321099	0.002988008	0.011855755	0.2963938807
56	0.92	1	9.13	0.25404	0.0749954561	0.4333051584	0.00307489	0.011868396	0.2967099106
57	0.9	1	9.12	0.27034	0.0749601518	0.3921814427	0.003158128	0.011880508	0.2970126922
58	0.97	1	9.16	0.2798526	0.075094069	0.3063911373	0.00292862	0.011847114	0.2961778544
59	1	1	9.17	0.28305	0.07514085	0.3063911373	0.002839224	0.011834107	0.295852678
60	0.98	1	9.16	0.26588	0.0750700359	0.3063911373	0.0028951	0.011842237	0.296055928
61	0.95	1	9.15	0.256818	0.0774662492	0.3063911373	0.002978555	0.01185438	0.2963594948
62	0.93	1	9.14	0.2689841	0.077428782	0.3063911373	0.003060078	0.011866241	0.2966560321
63	0.9	1	9.12	0.279528	0.077394857	0.3063911373	0.003143187	0.011878334	0.2969583421
64	0.88	1	9.11	0.28305	0.0773590316	0.3063911373	0.003230413	0.011891025	0.2972756276
65	0.86	1	9.1	0.27108	0.0773350753	0.3063911373	0.003318781	0.011903883	0.2975970667
66	0.84	1	9.08	0.26	0.0773014565	0.2615841762	0.003403544	0.011916216	0.2979053896
67	0.82	1	9.07	0.248	0.0772626697	0.2615841762	0.003487955	0.011928498	0.2982124376
68	0.79	1	9.06	0.23666	0.0772346111	0.2153983251	0.003579218	0.011941776	0.2985444057
69	0.78	1	9.05	0.22761	0.0772008574	0.3498991613	0.00366517	0.011954282	0.2988570553
70	0.76	1	9.04	0.22345	0.077166287	0.3921814427	0.003753576	0.011967145	0.2991786323
71	0.74	1	9.02	0.22185	0.0771396169	0.3498991613	0.003846151	0.011980615	0.2995153729
72	0.72	1	9.01	0.22499	0.0771068591	0.3498991613	0.003934181	0.011993423	0.2998355816
73	0.7	1	9	0.23128	0.0770887827	0.3498991613	0.00403107	0.012007521	0.300188016
74	0.68	1	8.98	0.23994	0.0770538269	0.3063911373	0.004119667	0.012020412	0.3005102888
75	0.67	1	8.97	0.26065	0.077019166	0.3063911373	0.004212456	0.012033912	0.3008478097
76	0.65	1	8.96	0.2704	0.0769936323	0.3063911373	0.004306038	0.012047529	0.3011882146
77	0.63	1	8.95	0.27787	0.0769742417	0.2615841762	0.004401281	0.012061386	0.3015346583
78	0.62	1	8.94	0.28152	0.0769534313	0.2615841762	0.00449087	0.012074422	0.3018605407
79	0.6	1	8.92	0.27849	0.0769317063	0.4733321099	0.0045873	0.012088452	0.3022113029
80	0.59	1	8.91	0.276485	0.076907499	0.4333051584	0.004686021	0.012102816	0.3025704032
81	0.57	1	8.9	0.25059	0.0768877348	0.3921814427	0.004778892	0.012116329	0.3029082201
82	0.56	1	8.89	0.23211	0.0768526028	0.3498991613	0.004874751	0.012130276	0.3032569064
83	0.55	1	8.88	0.21434	0.0768330975	0.3063911373	0.004976164	0.012145032	0.3036257971
84	0.53	1	8.86	0.19877	0.0768147805	0.3063911373	0.00507374	0.012159229	0.3039807297
85	0.54	1	8.86	0.19187	0.0775360215	0.3063911373	0.005125223	0.01216672	0.3041679992
86	0.53	1	8.85	0.17652	0.0775013925	0.3063911373	0.005219989	0.012180508	0.3045127095
87	0.52	1	8.83	0.16863	0.0774856702	0.3063911373	0.005319533	0.012194992	0.3048748021
88	0.5	1	8.82	0.16212	0.0774529684	0.2615841762	0.00542131	0.012209801	0.305245014
89	0.49	1	8.81	0.15667	0.0774301208	0.2615841762	0.00552368	0.012224695	0.3056173863
90	0.48	1	8.8	0.15204	0.0774103714	0.2615841762	0.005632469	0.012240524	0.3060131067
91	0.47	1	8.79	0.14805	0.1340015238	3.405006468	0.005731664	0.012254957	0.3063739279
92	0.46	1	8.77	0.14458	0.1354534657	3.405006468	0.005838356	0.012270481	0.3067620207
93	0.45	1	8.76	0.14153	1.140880294	3.4255275949	0.005948055	0.012286442	0.3071610495
94	0.56	1	8.78	0.1388389984	0.2729309527	3.012395535	0.007073911	0.012450254	0.3112563528
95	0.54	1	8.77	0.14635	0.0820017179	2.7388273135	0.00593832	0.012285025	0.3071256375
96	0.53	1	8.75	0.1486258	0.0882655472	2.9554824662	0.006039501	0.012299747	0.3074936865
97	0.54	1	8.74	0.15053	0.0882780547	3.1123044563	0.006142945	0.012314799	0.3078699636
98	0.52	1	8.73	0.15139	0.0915542482	3.146225572	0.006248642	0.012330177	0.3082544366
99	0.51	1	8.72	0.14892	0.0900937024	3.2164580948	0.006368385	0.0123476	0.308690002
100	0.5	1	8.71	0.147509851	0.2355323829	3.2620770664	0.006656286	0.01238949	0.309737239
101	0.48	1	8.69	0.1429646329	0.233813234	2.8643140756	0.006680127	0.012392959	0.3098239625
102	0.47	1	8.68	0.13827	0.0819873605	3.4613729048	0.007847328	0.012562786	0.3140696554
103	0.46	1	8.67	0.1373425741	0.2480374496	3.0403323054	0.007194701	0.012467829	0.3116957231
104	0.45	1	8.66	0.13957	0.2337333576	3.174908073	0.006890176	0.012423521	0.3105880148
105	0.43	1	8.65	0.14851	0.1030243333	3.6859593987	0.008452049	0.012650773	0.3162693278
106	0.42	1	8.64	0.1511871169	0.2437348208	3.7610434239	0.007285374	0.012481022	0.3120255462
107	0.41	1	8.62	0.15001	0.1103645896	3.8450767104	0.008790007	0.012699946	0.3174986496
108	0.4	1	8.61	0.14018	0.1151832746	3.892667295	0.008935398	0.0127211	0.3180275093
109	0.39	1	8.6	0.136455733	0.2379156352	3.8659415084	0.007334752	0.012488206	0.3122051607
110	0.38	1	8.59	0.15896	0.1186450643	3.7765743661	0.008714192	0.012688915	0.3172228733
111	0.37	1	8.58	0.1618112588	0.2413785647	3.3750267717	0.007566898	0.012521984	0.3130495927
112	0.36	1	8.57	0.16892	0.1237071329	3.5969761033	0.00950628	0.012804164	0.3201040953
113	0.35	1	8.56	0.17585	0.1396481546	4.8526541028	0.009876322	0.012858005	0.3214501222
114	0.34	1	8.54	0.1753133869	0.2297682531	4.9617134423	0.007476704	0.01250886	0.3127215113
115	0.33	1	8.53	0.17659	0.1238678866	3.9708982096	0.010356212	0.012927829	0.3231957224
116	0.33	1	8.52	0.17585	0.1279504813	5.2331561196	0.010442968	0.012940452	0.3235112947
117	0.32	1	8.51	0.18654156	0.1319835166	5.3995295673	0.010486098	0.012946727	0.3236681825
118	0.31	1	8.5	0.1768818182	0.2657040568	5.559840529	0.008592114	0.012671153	0.3167788144
119	0.3	1	8.49	0.1805284373	0.2397668677	5.7420943773	0.008041629	0.012591057	0.3147764273
120	0.29	1	8.48	0.18375	0.1679550023	6.0331042164	0.011333383	0.013070007	0.3267501818
121	0.29	1	8.47	0.183282058	0.2388693149	6.2280240942	0.008161513	0.0126085	0.315212504
122	0.28	1	8.46	0.17615	0.0811573499	6.4565843807	0.167085001	0.035731868	0.8932966922
123	0.27	1	8.44	0.1667326005	0.1501728167	4.4314800112	0.008303667	0.012629184	0.3157295904
124	0.27	1	8.43	0.16506	0.0740886661	4.3623285714	0.011499525	0.013094181	0.3273545221
125	0.26	1	8.42	0.16065	0.1428217686	4.3042253876	0.008354119	0.012636524	0.3159131088
126	0.25	1	8.41	0.15957	0.0749553282	4.4371496085	0.009267922	0.012769483	0.3192370646
127	0.25	1	8.4	0.15989	0.0756393732	4.6351893524	0.009350122	0.012781443	0.3195360692
128	0.24	1	8.39	0.16058981	0.0754672345	7.151074336	0.0094561	0.012796863	0.3199215648
129	0.23	1	8.38	0.16096	0.0764790979	4.7775010433	0.009557974	0.012811685	0.3202921293
130	0.23	1	8.37	0.16244	0.0772400592	4.8581987953	0.009669241	0.012827875	0.3206968659
131	0.22	1	8.36	0.16356148	0.0780439246	4.8110069287	0.009762512	0.012841445	0.3210361367
132	0.22	1	8.35	0.1642	0.0789603911	4.8875002465	0.009863371	0.012856121	0.3214030137
133	0.21	1	8.34	0.166104171	0.1432155396	4.9624640881	0.009284715	0.012771926	0.3192981494
134	0.21	1	8.33	0.16885	0.0837802483	5.1158147613	0.010059223	0.012884617	0.3221154238
135	0.2	1	8.31	0.1708995	0.0864607053	5.1103850051	0.010164497	0.012899934	0.3224983581
136	0.2	1	8.31	0.17269	0.0892932475	5.1284021014	0.010252862	0.012912791	0.3228197855
137	0.19	1	8.29	0.17718	0.095676038	5.2309517345	0.010373074	0.012930282	0.3232570573
138	0.19	1	8.28	0.180635	0.0999603264	5.2629937344	0.010459206	0.012942814	0.3235703609
139	0.18	1	8.27	0.1817	0.1017350847	5.1773907472	0.010552264	0.012956354	0.3239088613
140	0.18	1	8.26	0.1835943008	0.1486148522	12.4552140024	0.01012676	0.012894444	0.322361091
141	0.17	1	8.25	0.1833	0.0981568401	5.3349592999	0.010728916	0.012982057	0.3245514334
142	0.17	1	8.24	0.182684	0.0928235854	5.2331561196	0.010819405	0.012995223	0.3248805857
143	0.17	1	8.23	0.18239	0.0896922153	5.1657915287	0.01091209	0.013008709	0.325217727
144	0.16	1	8.22	0.17705614	0.1280760932	5.126810859	0.010169283	0.012900631	0.3225157684
145	0.16	1	8.21	0.17399	0.0853548147	5.1470870696	0.015116864	0.013620504	0.3405125926
146	0.15	1	8.2	0.13601	0.0875244748	5.2135986103	0.165448842	0.035493807	0.8873451633
147	0.15	1	8.19	0.1	0.1136140994	5.2312689396	0.010251836	0.012912642	0.3228160545
148	0.15	1	8.18	0.13588	0.0904894642	5.3455299448	0.011383196	0.013077255	0.3269313757
149	0.14	1	8.17	0.17932	0.0914456659	5.4670030389	0.011475273	0.013090652	0.3272663059
150	0.14	1	8.16	0.1837117411	0.1113785482	5.559938509	0.010526664	0.01295263	0.3238157416
151	0.14	1	8.15	0.18137	0.0924992777	5.6897878924	0.011646762	0.013115604	0.3278900955
152	0.13	1	8.14	0.1765848	0.0925030803	5.7441306573	0.011712715	0.0131252	0.3281299997
153	0.13	1	8.13	0.17239	0.2882168863	5.7580294417	0.011827121	0.013141846	0.3285461525
154	0.13	1	8.12	0.16529	0.2928895461	5.904591183	0.011890607	0.013151083	0.3287770819
155	0.12	1	8.11	0.1616162585	0.3118548786	5.9671787249	0.010997251	0.0130211	0.3255274996
156	0.12	1	8.1	0.1608	0.3036641788	6.0842826619	0.012064604	0.0131764	0.3294099981
157	0.12	1	8.09	0.15933	0.3093761274	6.2717205211	0.012161408	0.013190485	0.3297621198
158	0.12	1	8.08	0.16074	0.3145050482	6.2884504524	0.012226905	0.013200015	0.3300003667
159	0.11	1	8.07	0.162894	0.3212447776	6.4418310561	0.01238056	0.013222371	0.3305592859
160	0.11	1	8.06	0.16459	0.3271168228	6.5248299868	0.012450882	0.013232603	0.330815085
161	0.11	1	8.05	0.17037	0.3327063093	6.7060118733	0.012465534	0.013234735	0.3308683805
162	0.1	1	8.04	0.1774	0.3388162583	6.1761178735	0.012540922	0.013245704	0.3311426052
163	0.1	1	8.03	0.1806548	0.3442012041	6.0842826619	0.012652145	0.013261887	0.3315471763
164	0.1	1	8.02	0.18482	0.3508417131	6.2172636956	0.012752764	0.013276527	0.3319131775
165	0.1	1	8.01	0.19145	0.3577988401	6.3178982168	0.012823667	0.013286844	0.3321710881
166	0.1	1	8	0.19575	0.3622155078	6.5419951045	0.012867334	0.013293197	0.3323299257
167	0.09	1	7.99	0.19564	0.368485462	6.8055246047	0.012860664	0.013292227	0.3323056644
168	0.09	1	7.98	0.19552	0.3750629321	6.8262441131	0.012943147	0.013304228	0.3326056971
169	0.09	1	7.97	0.19	0.383776043	6.890452615	0.012451871	0.013232747	0.3308186795
170	0.09	1	7.96	0.18776	0.3916908299	6.8294572701	0.013162281	0.013336112	0.3334027959
171	0.09	1	7.95	0.1734	0.3960902475	6.8055246047	0.013199694	0.013341556	0.3335388885
172	0.08	1	7.94	0.1605276275	0.4163546499	6.8053030847	0.012586288	0.013252305	0.3313076237
173	0.08	1	7.93	0.15455	0.4006896301	6.8055246047	0.013349216	0.013363311	0.3340827741
174	0.08	1	7.92	0.15408	7.0223119869	3.8403996047	0.013431628	0.013375302	0.3343825477
175	0.17	1	7.91	0.15388	0.198273324	1.8110791246	0.013506692	0.013386224	0.3346555914
176	0.18	1	7.9	0.15793	0.1480232553	2.696466692	0.01354747	0.013392157	0.3348039214
177	0.17	1	7.89	0.162028708	0.2715086288	3.1061751567	0.015119956	0.013620954	0.3405238411
178	0.16	1	7.88	0.16709	0.1788869245	4.9363699486	0.017277108	0.013934819	0.3483704819
179	0.16	1	7.87	0.1793711733	0.2696549217	5.4194285617	0.01311582	0.013329352	0.333233797
180	0.16	1	7.86	0.17075	0.2562478717	5.6988454995	0.01382475	0.013432501	0.3358125269
181	0.17	1	7.86	0.1658981	0.2712406507	3.9723098801	0.013882048	0.013440838	0.3360209512
182	0.16	1	7.84	0.15691	0.2690759083	4.0265074047	0.013987273	0.013456148	0.336403705
183	0.16	1	7.83	0.15	0.3185119286	4.1214155027	0.013613021	0.013401695	0.335042363
184	0.16	1	7.83	0.14951	0.3009214253	4.2095189984	0.409403611	0.070989225	1.7747306333
185	0.15	1	7.81	0.15335	0.3034967615	4.3166540522	0.408375978	0.070839705	1.7709926202
186	0.15	1	7.8	0.16664	0.278591333	4.4110129159	0.407827308	0.070759873	1.7689968333
187	0.14	1	7.8	0.1859	0.2548865377	4.5191616577	0.407259172	0.070677209	1.7669302371
188	0.14	1	7.79	0.196515	0.2493018995	4.6196393474	0.000922048	0.009442746	0.236068654
189	0.13	1	7.78	0.2082	0.2427925532	4.7075990427	0.000304549	0.01076759	0.269189755
190	0.13	1	7.76	0.23106	0.2300155926	4.8066846128	0.001000626	0.011566591	0.2891647755
191	0.15	1	7.77	0.24324	0.1878301679	4.7028388006	0.000797921	0.011537098	0.2884274394
192	0.26	1	8.07	0.25233	0.1732034422	1.2512344906	0.007975622	0.005690697	0.14226743
193	0.3	1	8.2	0.27019	0.1263920241	1.4556910311	0.56923641	0.094244898	2.3561224413
194	0.35	1	8.34	0.28305	1.0316928087	1.7182608314	0.852337008	0.135436035	3.3859008678
195	0.59	1	8.78	0.2862158	1.7998411856	1.637822758	0.798508203	0.127603944	3.1900985888
196	0.56	1	8.72	0.2899	0.205402624	1.1901861152	0.008199097	0.012613969	0.3153492165
197	0.58	1	8.76	0.28535	0.1085907426	1.2659238366	0.739143506	0.11896638	2.974159504
198	0.73	1	8.91	0.276485	0.0336927565	0.3498991613	0.13887521	0.031627343	0.790683575
199	0.73	1	8.92	0.27231	0.0324960679	0.2153983251	0.088665391	0.024321814	0.608045358
200	0.71	1	8.9	0.25653	0.0417036699	0.1677460139	0.092028157	0.024811097	0.6202774209
201	0.69	1	8.89	0.23997	0.0522113085	0.1677460139	0.094759611	0.025208523	0.6302130852
202	0.67	1	8.87	0.229855	0.0588730635	0.1677460139	0.097988478	0.025678324	0.6419580883
203	0.65	1	8.86	0.22345	0.0646379849	0.1185310563	0.101045892	0.026123177	0.6530794305
204	0.63	1	8.84	0.20734	0.0755088977	0.2153983251	0.108240926	0.027170055	0.6792513681
205	0.61	1	8.83	0.193158	0.0858535155	0.5123192819	0.11194318	0.027708733	0.6927183182
206	0.59	1	8.81	0.19187	0.092118563	0.3921814427	0.116481206	0.028369016	0.7092253877
207	0.57	1	8.8	0.17716	0.0970353799	1.0553378213	0.11988837	0.028864758	0.7216189452
208	0.55	1	8.78	0.16329	0.1055490099	1.0007528339	0.123498716	0.029390063	0.7347515784
209	0.54	1	8.77	0.157489	0.1078985069	1.0007528339	0.12904727	0.030197378	0.754934446
210	0.52	1	8.75	0.1503	0.1145147395	1.3467508023	0.133188778	0.030799967	0.7699991786
211	0.51	1	8.74	0.1390001914	0.2124909542	1.6295043138	0.006185777	0.012321031	0.3080257643
212	0.49	1	8.72	0.13824	0.1221526086	1.7840470519	0.142438222	0.032145761	0.8036440331
213	0.47	1	8.71	0.12693	0.1272845845	1.8798831136	0.147566089	0.032891866	0.8222966497
214	0.46	1	8.69	0.11629	0.1292907295	1.9271001718	0.156244955	0.034154641	0.8538660234
215	0.45	1	8.68	0.10598	0.1331138569	1.9271001718	0.16224328	0.035027397	0.8756849317
216	0.69	1	8.97	0.0957878	3.6909226903	1.8952773176	0.137653271	0.031449551	0.7862387731
217	0.98	1	9.12	0.09625	1.1323306901	3.0248268856	0.062493304	0.020513776	0.512844392
218	0.96	1	9.1	0.086978	0.1733346634	2.5930386119	0.021114914	0.01449322	0.3623305004
219	0.94	1	9.09	0.07813	-0.089447226	2.0130570704	0.01529142	0.013645902	0.3411475389
220	1.03	1	9.15	0.072688	0.6974615663	2.2240595748	0.050847106	0.018819254	0.4704813497
221	1.16	1	9.23	0.069676	0.8424852796	2.4306184913	0.038593917	0.017036415	0.4259103744
222	1.1	1	9.19	0.061592	0.1399366742	2.5441443298	0.010805879	0.012993255	0.324831386
223	1.08	1	9.19	0.062447	0.6346265555	2.6121588925	0.033773504	0.016335045	0.4083761193
224	1.88	1	9.54	0.053853	0.9718241797	2.6681003389	0.027606378	0.015437728	0.3859432004
225	1.42	1	9.34	0.046438	0.3378375096	2.6953081243	0.013486383	0.013383269	0.3345817186
226	1.44	1	9.35	0.039327	0.0893850235	2.6681003389	0.005256877	0.012185876	0.3046468894
227	6.78	1	10.34	0.0364585	0.4346097407	2.5833863489	0.016721216	0.013853937	0.3463484241
228	1.84	1	9.48	0.032501	0.6089450638	2.4519085182	0.014346334	0.013508392	0.3377097912
229	1.83	1	9.48	0.025944	0.1702308309	2.3536312712	0.004457626	0.012069585	0.3017396155
230	1.82	1	9.47	0.021447786	0.1764223393	2.2961176551	0.004564856	0.012085187	0.3021296641
231	1.79	1	9.46	0.19641	0.0711442457	2.2724806039	0.00376775	0.011969208	0.2992301907
232	1.74	1	9.44	0.01357558	-0.0300297679	2.2504249439	0.004807151	0.01212044	0.3030110109
233	1.69	1	9.43	0.1952568	0.0899440168	2.2240595748	0.004077331	0.012014252	0.3003562921
234	1.65	1	9.41	0.134861	0.0903556442	2.1866902986	0.004238438	0.012037693	0.300942317
235	1.6	1	9.4	0.10651	0.0942629423	2.1612503382	0.00440347	0.012061705	0.3015426216
236	1.55	1	9.39	0.0958	0.0912134369	2.1090391007	0.004575959	0.012086802	0.3021700516
237	1.51	1	9.37	0.06548	0.0916527796	2.0956974863	0.00475095	0.012112263	0.3028065804
238	1.47	1	9.36	0.105689	0.0921080021	2.1090391007	0.004927689	0.012137979	0.3034494682
239	1.43	1	9.34	0.16489	0.092586531	2.1090391007	0.005115492	0.012165304	0.3041326017
240	1.4	1	9.33	0.18318	0.0929621371	2.1090391007	0.005226069	0.012181393	0.304534826
241	1.42	1	9.34	0.16281	1.4200907968	2.1090391007	0.055324562	0.019470724	0.4867680936
242	18.57	1	10.98	0.1065218	0.3158653652	2.0956974863	0.015940925	0.013740405	0.3435101161
243	2.34	1	9.63	0.210258	0.3671107963	2.0686531199	0.009988778	0.012874367	0.3218591792
