# Time-series file for input parameter    						
table-name 'Presa\_2014'        						
# Air temp from  platform database   						
contents 'dehesa nutrientes 2014'    						
   time-unit 'days'     						
   reference-time 20140401 0    						
   time-function 'non-equidistant'     						
   parameter   'time' unit 'minutes' 						
parameter  'Flow rate' unit 'm3/s'						
   parameter   'Dissolved Oxygen' unit 'g/m3'						
   parameter	'Ammonium (NH4)' unit 'gN/m3'   					
   parameter	'Nitrate (NO3)' unit 'gN/m3'   					
   parameter	'Si' unit 'gSi/m3'    					
   parameter	'PO4' unit 'gP/m3'    					
0	-8.92	0	0	0	0	0
720	-8.92	0	0	0	0	0
1440	-8.92	0	0	0	0	0
2160	-8.92	0	0	0	0	0
2880	-8.96	0	0	0	0	0
3600	-9.23	0	0	0	0	0
4320	-9.1	0	0	0	0	0
5040	-9.04	0	0	0	0	0
5760	-9	0	0	0	0	0
6480	-8.89	0	0	0	0	0
7200	-8.9	0	0	0	0	0
7920	-8.91	0	0	0	0	0
8640	-8.97	0	0	0	0	0
9360	-8.92	0	0	0	0	0
10080	-8.89	0	0	0	0	0
10800	-8.87	0	0	0	0	0
11520	-8.91	0	0	0	0	0
12240	-8.51	0	0	0	0	0
12960	-8.86	0	0	0	0	0
13680	-8.86	0	0	0	0	0
14400	-8.86	0	0	0	0	0
15120	-8.86	0	0	0	0	0
15840	-8.86	0	0	0	0	0
16560	-8.86	0	0	0	0	0
17280	-8.86	0	0	0	0	0
18000	-8.84	0	0	0	0	0
18720	-8.86	0	0	0	0	0
19440	-8.87	0	0	0	0	0
20160	-8.87	0	0	0	0	0
20880	-9.08	0	0	0	0	0
21600	-8.85	0	0	0	0	0
22320	-9.11	0	0	0	0	0
23040	-9.11	0	0	0	0	0
23760	-9.11	0	0	0	0	0
24480	-9.11	0	0	0	0	0
25200	-9.1	0	0	0	0	0
25920	-9.12	0	0	0	0	0
26640	-9.13	0	0	0	0	0
27360	-9.21	0	0	0	0	0
28080	-9.15	0	0	0	0	0
28800	-9.13	0	0	0	0	0
29520	-9.13	0	0	0	0	0
30240	-9.14	0	0	0	0	0
30960	-9.12	0	0	0	0	0
31680	-9.14	0	0	0	0	0
32400	-9.13	0	0	0	0	0
33120	-9.14	0	0	0	0	0
33840	-9.13	0	0	0	0	0
34560	-9.19	0	0	0	0	0
35280	-9.15	0	0	0	0	0
36000	-9.13	0	0	0	0	0
36720	-9.12	0	0	0	0	0
37440	-9.13	0	0	0	0	0
38160	-9.12	0	0	0	0	0
38880	-9.12	0	0	0	0	0
39600	-9.11	0	0	0	0	0
40320	-9.07	0	0	0	0	0
41040	-8.99	0	0	0	0	0
41760	-9	0	0	0	0	0
42480	-8.96	0	0	0	0	0
43200	-8.99	0	0	0	0	0
43920	-9.94	0	0	0	0	0
44640	-10.15	0	0	0	0	0
45360	-10.13	0	0	0	0	0
46080	-10.16	0	0	0	0	0
46800	-10.15	0	0	0	0	0
47520	-10.15	0	0	0	0	0
48240	-10.14	0	0	0	0	0
48960	-10.15	0	0	0	0	0
49680	-10.26	0	0	0	0	0
50400	-10.24	0	0	0	0	0
51120	-10.23	0	0	0	0	0
51840	-10.23	0	0	0	0	0
52560	-10.22	0	0	0	0	0
53280	-10.24	0	0	0	0	0
54000	-10.22	0	0	0	0	0
54720	-10.22	0	0	0	0	0
55440	-10.23	0	0	0	0	0
56160	-10.25	0	0	0	0	0
56880	-10.23	0	0	0	0	0
57600	-10.22	0	0	0	0	0
58320	-10.23	0	0	0	0	0
59040	-10.24	0	0	0	0	0
59760	-10.24	0	0	0	0	0
60480	-10.24	0	0	0	0	0
61200	-10.23	0	0	0	0	0
61920	-10.24	0	0	0	0	0
62640	-10.24	0	0	0	0	0
63360	-10.24	0	0	0	0	0
64080	-10.24	0	0	0	0	0
64800	-10.24	0	0	0	0	0
65520	-10.23	0	0	0	0	0
66240	-10.24	0	0	0	0	0
66960	-10.23	0	0	0	0	0
67680	-10.24	0	0	0	0	0
68400	-10.23	0	0	0	0	0
69120	-10.24	0	0	0	0	0
69840	-10.22	0	0	0	0	0
70560	-10.29	0	0	0	0	0
71280	-8.25	0	0	0	0	0
72000	-8.12	0	0	0	0	0
72720	-9.35	0	0	0	0	0
73440	-9.23	0	0	0	0	0
74160	-9.24	0	0	0	0	0
74880	-9.25	0	0	0	0	0
75600	-9.51	0	0	0	0	0
76320	-9.1	0	0	0	0	0
77040	-9.09	0	0	0	0	0
77760	-9.09	0	0	0	0	0
78480	-9.08	0	0	0	0	0
79200	-9.09	0	0	0	0	0
79920	-9.09	0	0	0	0	0
80640	-9.09	0	0	0	0	0
81360	-9.08	0	0	0	0	0
82080	-9.09	0	0	0	0	0
82800	-9.1	0	0	0	0	0
83520	-9.11	0	0	0	0	0
84240	-9.1	0	0	0	0	0
84960	-9.12	0	0	0	0	0
85680	-9.11	0	0	0	0	0
86400	-9.12	0	0	0	0	0
87120	-9.12	0	0	0	0	0
87840	-9.26	0	0	0	0	0
88560	-9.25	0	0	0	0	0
89280	-9.25	0	0	0	0	0
90000	-9.04	0	0	0	0	0
90720	-9.11	0	0	0	0	0
91440	-9.09	0	0	0	0	0
92160	-9.11	0	0	0	0	0
92880	-9.1	0	0	0	0	0
93600	-9.1	0	0	0	0	0
94320	-9.1	0	0	0	0	0
95040	-9.11	0	0	0	0	0
95760	-8.96	0	0	0	0	0
96480	-9.05	0	0	0	0	0
97200	-9.04	0	0	0	0	0
97920	-9.04	0	0	0	0	0
98640	-9.04	0	0	0	0	0
99360	-9.09	0	0	0	0	0
100080	-8.03	0	0	0	0	0
100800	-8.06	0	0	0	0	0
101520	-8.05	0	0	0	0	0
102240	-8.06	0	0	0	0	0
102960	-8.04	0	0	0	0	0
103680	-8.05	0	0	0	0	0
104400	-8.02	0	0	0	0	0
105120	-8.05	0	0	0	0	0
105840	-8.02	0	0	0	0	0
106560	-8.05	0	0	0	0	0
107280	-8.03	0	0	0	0	0
108000	-8.05	0	0	0	0	0
108720	-8.02	0	0	0	0	0
109440	-8.07	0	0	0	0	0
110160	-6.94	0	0	0	0	0
110880	-7.14	0	0	0	0	0
111600	-7.14	0	0	0	0	0
112320	-7.15	0	0	0	0	0
113040	-7.14	0	0	0	0	0
113760	-7.15	0	0	0	0	0
114480	-7.14	0	0	0	0	0
115200	-7.14	0	0	0	0	0
115920	-6.14	0	0	0	0	0
116640	-6	0	0	0	0	0
117360	-6.04	0	0	0	0	0
118080	-6.06	0	0	0	0	0
118800	-6.04	0	0	0	0	0
119520	-5.7	0	0	0	0	0
120240	-6.01	0	0	0	0	0
120960	-6.08	0	0	0	0	0
121680	-5.02	0	0	0	0	0
122400	-5.08	0	0	0	0	0
123120	-5.07	0	0	0	0	0
123840	-5.07	0	0	0	0	0
124560	-5.05	0	0	0	0	0
125280	-5.1	0	0	0	0	0
126000	-4.29	0	0	0	0	0
126720	-4.26	0	0	0	0	0
127440	-4.15	0	0	0	0	0
128160	-4.15	0	0	0	0	0
128880	-4.16	0	0	0	0	0
129600	-4.17	0	0	0	0	0
130320	-2.53	0	0	0	0	0
131040	-2.54	0	0	0	0	0
131760	-2.54	0	0	0	0	0
132480	-2.64	0	0	0	0	0
133200	-2.77	0	0	0	0	0
133920	-2.58	0	0	0	0	0
134640	-2.46	0	0	0	0	0
135360	-2.46	0	0	0	0	0
136080	-2.22	0	0	0	0	0
136800	-2.2	0	0	0	0	0
137520	-2.19	0	0	0	0	0
138240	-2.19	0	0	0	0	0
138960	-2.19	0	0	0	0	0
139680	-2.19	0	0	0	0	0
140400	-2.19	0	0	0	0	0
141120	-2.19	0	0	0	0	0
141840	-2.19	0	0	0	0	0
142560	-2.19	0	0	0	0	0
143280	-2.19	0	0	0	0	0
144000	-2.2	0	0	0	0	0
144720	-2.19	0	0	0	0	0
145440	-2.2	0	0	0	0	0
146160	-2.2	0	0	0	0	0
146880	-2.2	0	0	0	0	0
147600	-2.23	0	0	0	0	0
148320	-2.23	0	0	0	0	0
149040	-2.2	0	0	0	0	0
149760	-2.2	0	0	0	0	0
150480	-2.2	0	0	0	0	0
151200	-2.2	0	0	0	0	0
151920	-2.52	0	0	0	0	0
152640	-2.17	0	0	0	0	0
153360	-2.17	0	0	0	0	0
154080	-2.17	0	0	0	0	0
