# Time-series file for input parameter    									
table-name 'RevRem\_2014'        									
# Air temp from  platform database   									
contents 'revrem nutrientes 2014'    									
   time-unit 'days'     									
   reference-time 20140401 0    									
   time-function 'non-equidistant'     									
   parameter   'time' unit 'days' 									
   parameter   'Flow rate' unit 'm3/s' 									
   parameter   'Continuity' unit 'g/m3'									
   parameter   'Dissolved Oxygen' unit 'g/m3'									
   parameter	'Ammonium (NH4)' unit 'gN/m3'   								
   parameter	'Nitrate (NO3)' unit 'gN/m3'   								
   parameter	'Si' unit 'gSi/m3'    								
   parameter	'PO4' unit 'gP/m3'  								
   parameter	'POP1' unit 'gP/m3'    								
   parameter	'PON1' unit 'gN/m3'    								
0	0.11	1	8.71	0.248955	0.0997537399	1.1566314985	0.000546379	0.011500498	0.2875124544
1	0.11	1	8.65	0.28446	0.1011612148	1.213263436	0.000704566	0.011523514	0.28808786
2	0.12	1	8.74	0.31398	0.0990790345	1.2956181523	0.000414529	0.011481314	0.2870328492
3	0.11	1	8.69	0.3369	0.100382307	1.3921819306	0.000556087	0.011501911	0.2875477673
4	0.11	1	8.64	0.35532	0.1015764199	1.1566314985	0.000673924	0.011519056	0.2879763997
5	0.1	1	8.58	0.36752	0.1030834471	0.9587989143	0.000843328	0.011543704	0.2885926067
6	0.1	1	8.52	0.37447	0.1046573923	0.8569381592	0.001020087	0.011569423	0.2892355653
7	0.09	1	8.47	0.3689	0.1063141132	1.102476081	0.001209946	0.011597047	0.2899261784
8	0.09	1	8.41	0.35707	0.1079651633	1.0130531871	0.001409687	0.011626109	0.2906527375
9	0.09	1	8.36	0.33881	0.1097467225	0.9239062446	0.001621077	0.011656867	0.2914216689
10	0.08	1	8.31	0.31392	0.1112422763	1.0958701568	0.001632492	0.011658528	0.2914631883
11	0.08	1	8.3	0.28223	0.1116300542	1.1428690474	0.001616773	0.01165624	0.2914060103
12	0.08	1	8.24	0.24345	0.1136226087	1.184623828	0.001843086	0.011689169	0.292229225
13	0.08	1	8.19	0.248955	0.1156186617	1.257504134	0.002085686	0.011724467	0.2931116845
14	0.07	1	8.14	0.215299	0.1177568356	1.4521954336	0.002339772	0.011761437	0.2940359196
15	0.07	1	8.12	0.15982	0.1184997135	1.4698901326	0.002253843	0.011748934	0.293723353
16	0.07	1	8.06	0.1823845	0.1207790254	1.4698901326	0.002521673	0.011787903	0.2946975855
17	0.07	1	8.01	0.033664	0.1231111839	1.5245434628	0.002809727	0.011829815	0.2957453817
18	0.06	1	7.96	0.13288	0.1255029534	1.6416644667	0.003108146	0.011873235	0.2968308816
19	0.08	1	8.24	0.18651	0.4150671442	1.6519434292	0.017980129	0.014037109	0.3509277197
20	0.11	1	8.73	0.16819	0.1876540307	1.662308409	0.0051845	0.012175345	0.3043836193
21	0.12	1	8.77	0.13518	0.1378859663	1.6939341576	0.002020779	0.011715023	0.2928755839
22	0.12	1	8.76	0.105256	0.1021186846	1.7373985422	6.70753E-005	0.011430759	0.2857689863
23	0.14	1	9.02	0.14867	1.3476366182	1.7710279708	0.108996257	0.027279955	0.6819988862
24	0.14	1	8.98	0.17134	0.1010994246	1.8173364619	1.83639E-005	0.0113816	0.2845400047
25	0.13	1	8.94	0.19521	0.182548521	1.9544077044	0.002766941	0.01182359	0.295589747
26	0.15	1	9.13	0.21908	0.091578154	2.0790655667	0.000506366	0.010334592	0.2583648078
27	0.14	1	9.06	0.24007	0.092639726	2.008268706	0.00041718	0.010525941	0.2631485252
28	0.14	1	9	0.244688	0.0937230877	1.9810454593	0.000318842	0.010736924	0.2684231076
29	0.13	1	8.94	0.248955	0.094877087	2.0502594344	0.000217861	0.010953579	0.2738394702
30	0.13	1	8.88	0.24715	0.06558051	1.9154953568	0.001929875	0.007280454	0.1820113543
31	0.12	1	8.82	0.23519	0.065544224	1.7939658089	0.001928279	0.007283877	0.1820969254
32	0.12	1	8.77	0.21651	0.0654852443	1.7154757069	0.001929762	0.007280696	0.1820173943
33	0.11	1	8.71	0.19407	0.0654418637	1.7373985422	0.001930393	0.007279341	0.1819835233
34	0.11	1	8.65	0.17165	0.0654074482	1.7824437922	0.001928593	0.007283204	0.1820801008
35	0.1	1	8.59	0.15419	0.0653610024	1.8173364619	0.001928292	0.007283849	0.1820962213
36	0.1	1	8.53	0.14828	0.0653138163	1.9810454593	0.001928574	0.007283245	0.1820811138
37	0.1	1	8.48	0.15441	0.0652781904	1.9676549736	0.001929138	0.007282034	0.1820508441
38	0.09	1	8.42	0.19683	0.0652305432	2.0645787599	0.001929598	0.007281048	0.1820261937
39	0.09	1	8.36	0.24604	0.0651970652	2.093723819	0.001929458	0.007281348	0.1820337049
40	0.08	1	8.31	0.3046	0.0651660846	2.0361037619	0.001930502	0.007279107	0.1819776867
41	0.08	1	8.25	0.36687	0.0651107022	2.0221080439	0.001931946	0.007276009	0.1819002239
42	0.08	1	8.2	0.427	0.0650890075	2.0502594344	0.001929917	0.007280363	0.1820090784
43	0.07	1	8.14	0.5162	0.0650419076	2.1541557	0.001929615	0.007281011	0.1820252824
44	0.07	1	8.09	0.53443	0.0650164026	2.2340936197	0.001928267	0.007283904	0.1820976032
45	0.07	1	8.03	0.52811	0.0649802903	2.2507194782	0.001930358	0.007279416	0.1819854028
46	0.07	1	7.98	0.49726	0.0649339577	2.3373707361	0.001933745	0.00727215	0.1818037425
47	0.06	1	7.93	0.44579	0.0648973916	2.3373707361	0.001929325	0.007281633	0.1820408203
48	0.06	1	7.87	0.46822	0.0648702839	2.3195487328	0.001927044	0.007286528	0.1821632014
49	0.06	1	7.82	0.49726	0.0648335947	2.2340936197	0.001931697	0.007276544	0.1819135938
50	0.06	1	7.9	0.44589	0.0646456647	2.138769069	0.001929717	0.007280792	0.1820197926
51	0.07	1	7.99	0.475569	0.0646443408	2.1085576234	0.0019279	0.00728469	0.1821172517
52	0.08	1	8.17	0.36541	0.0649782912	2.1235712359	0.001931157	0.007277702	0.1819425514
53	0.08	1	8.3	0.26404	0.0651974926	2.1541557	0.001928196	0.007284056	0.1821014035
54	0.08	1	8.24	0.15795	0.0651730761	2.185514536	0.001927796	0.007284913	0.1821228171
55	0.08	1	8.19	0.2014785	0.0651237315	2.2675715458	0.00192681	0.007287029	0.1821757178
56	0.07	1	8.13	0.262	0.0650804912	2.4305430571	0.00192844	0.007283532	0.1820883108
57	0.07	1	8.08	0.24668	0.065041509	2.4500490958	0.001929315	0.007281654	0.1820413584
58	0.08	1	8.23	0.302886	0.0653170292	2.3924290387	0.001927473	0.007285607	0.1821401711
59	0.08	1	8.29	0.3547539	0.065405197	2.3373707361	0.001928787	0.007282788	0.1820697106
60	0.08	1	8.23	0.32493	0.0653714086	2.3373707361	0.001927731	0.007285053	0.1821263183
61	0.08	1	8.18	0.403267	0.0662641502	2.3195487328	0.001925796	0.007289205	0.1822301159
62	0.07	1	8.12	0.4755359652	0.0662006445	2.3195487328	0.00192389	0.007293294	0.1823323558
63	0.07	1	8.07	0.42651	0.066148147	2.3554529238	0.001928824	0.007282709	0.1820677243
64	0.07	1	8.02	0.38035	0.0660853001	2.3738030056	0.00192504	0.007290828	0.1822706931
65	0.06	1	7.96	0.34843	0.0660465595	2.4500490958	0.001927495	0.00728556	0.1821390103
66	0.06	1	7.91	0.34286	0.0659696636	2.5524717052	0.001924384	0.007292235	0.1823058681
67	0.06	1	7.86	0.3635	0.0659184415	2.5740132545	0.001928432	0.007283549	0.1820887272
68	0.06	1	7.8	0.39445	0.0658777712	2.5959360899	0.001924801	0.007291338	0.182283462
69	0.05	1	7.75	0.42568	0.0658181486	2.5959360899	0.001927543	0.007285457	0.1821364294
70	0.05	1	7.7	0.45055	0.0657738939	2.6182539524	0.001925714	0.00728938	0.1822345026
71	0.05	1	7.65	0.46456	0.0657345453	2.6409813399	0.0019249	0.007291128	0.1822782006
72	0.05	1	7.6	0.46608	0.0656898747	2.6182539524	0.001925151	0.007290589	0.1822647341
73	0.05	1	7.55	0.44779	0.0656038185	2.6409813399	0.0019321	0.007275679	0.1818919662
74	0.04	1	7.49	0.42549	0.0655835008	2.5959360899	0.001923485	0.007294164	0.1823540941
75	0.04	1	7.45	0.40166	0.0655238017	2.5740132545	0.001931882	0.007276148	0.181903706
76	0.04	1	7.4	0.37976	0.0655123156	2.5959360899	0.001920102	0.007301422	0.1825355469
77	0.04	1	7.35	0.36222	0.0654611666	2.6182539524	0.001924624	0.007291719	0.1822929742
78	0.04	1	7.3	0.35076	0.0654268852	2.7117782006	0.001925708	0.007289393	0.1822348325
79	0.04	1	7.25	0.3492563491	0.0653564811	2.7613291226	0.001925689	0.007289435	0.1822358794
80	0.03	1	7.2	0.34823	0.0653022206	2.7613291226	0.001921094	0.007299293	0.182482337
81	0.03	1	7.15	0.34898	0.0653107802	2.7868683339	0.001935172	0.007269089	0.1817272167
82	0.03	1	7.11	0.34809	0.0652375906	2.7363058905	0.001920219	0.007301169	0.1825292346
83	0.03	1	7.06	0.34765	0.0651925252	2.7363058905	0.001925124	0.007290647	0.1822661758
84	0.03	1	7.01	0.34103	0.0651722378	2.7868683339	0.001924642	0.007291681	0.182292023
85	0.04	1	7.29	0.3382869	0.0647065053	2.7868683339	0.0019201	0.007301426	0.1825356475
86	0.04	1	7.24	0.33578	0.0646708033	2.812945252	0.001917322	0.007307386	0.1826846499
87	0.03	1	7.19	0.3318	0.0646292131	2.8395830069	0.001919619	0.007302457	0.1825614276
88	0.03	1	7.14	0.33075	0.0646159942	2.8395830069	0.001933107	0.007273518	0.1818379545
89	0.03	1	7.09	0.330345	0.0645978211	2.8668062536	0.001934479	0.007270575	0.1817643694
90	0.03	1	7.05	0.33049	0.0645711675	2.8946413095	0.001921257	0.007298944	0.1824735943
91	0.03	1	7	0.3309457	0.0648593837	2.3986027921	0.001912961	0.007316743	0.1829185722
92	0.03	1	6.95	0.3315588	0.0648376437	2.6116783512	0.00193484	0.0072698	0.181745002
93	0.03	1	6.91	0.3323	0.0648140473	2.4709596597	0.001923386	0.007294376	0.1823593966
94	0.06	1	7.9	0.301475	0.0653401975	2.0746204416	0.001926872	0.007286896	0.1821723983
95	0.06	1	7.85	0.283347	0.0652985534	2.0552969005	0.001927255	0.007286075	0.182151877
96	0.06	1	7.8	0.336895	0.0652679582	2.2053079476	0.001923519	0.00729409	0.1823522498
97	0.06	1	7.88	0.3415891478	0.065398267	2.0833716909	0.001921303	0.007298845	0.1824711209
98	0.06	1	7.85	0.3204588	0.0653260418	2.2034648602	0.001919891	0.007301873	0.1825468251
99	0.06	1	7.79	0.348922	0.4906008456	2.2060572242	0.160653244	0.034796047	0.869901176
100	0.05	1	7.74	0.3509248469	0.8035897553	2.218175827	0.245743855	0.047176731	1.1794182721
101	0.05	1	7.69	0.339905102	0.7646667363	2.1388028149	0.236872027	0.04588588	1.1471469986
102	0.05	1	7.64	0.34589	0.63	2.4698273661	0.234304654	0.045512327	1.1378081784
103	0.05	1	7.59	0.3462351097	0.7152538165	2.2890817392	0.226220061	0.044336019	1.1084004719
104	0.05	1	7.54	0.3445993963	0.913847824	2.4601554052	0.27952201	0.052091453	1.302286313
105	0.04	1	7.49	0.3379108414	0.8154888015	2.6607605733	0.255311156	0.048568773	1.2142193282
106	0.04	1	7.44	0.3455810813	0.6618163538	2.6542005116	0.215184995	0.042730417	1.0682604178
107	0.04	1	7.39	0.3722794853	0.4285951631	2.7339811016	0.149172453	0.033125592	0.8281397982
108	0.04	1	7.34	0.3454026107	0.2976678712	2.6858787093	0.109089612	0.027293539	0.682338463
109	0.04	1	7.29	0.3348605187	0.6462377669	2.5557444426	0.214218089	0.042589732	1.0647433004
110	0.04	1	7.24	0.3286346377	0.7931649852	2.6383354672	0.255962462	0.048663538	1.2165884542
111	0.04	1	7.22	0.33483	0.581069	2.4631300102	0.297224618	0.054667182	1.3666795482
112	0.03	1	7.17	0.3562	0.43192	2.4551209649	0.388274378	0.067914922	1.69787305
113	0.03	1	7.13	0.3655107639	0.3596780616	2.9011867616	0.438774314	0.075262663	1.8815665662
114	0.03	1	7.08	0.36677	0.3434621016	2.9796384046	0.424482342	0.073183181	1.8295795192
115	0.03	1	7.03	0.36306	0.429852	2.8087873786	0.367330781	0.064867629	1.621690717
116	0.03	1	6.99	0.35589	0.5681	3.0102992043	0.32160454	0.05821446	1.4553615124
117	0.03	1	6.94	0.34765	0.664175	3.2811790336	0.280032728	0.052165762	1.3041440483
118	0.03	1	6.89	0.3442252528	0.7922382036	3.1601927167	0.265783056	0.050092435	1.252310866
119	0.03	1	6.84	0.3373299756	0.7261187509	3.2098427527	0.248374361	0.04755947	1.1889867385
120	0.02	1	6.8	0.3492563491	0.5792633097	3.2626607318	0.206214347	0.041425187	1.0356296862
121	0.02	1	6.76	0.3351097028	0.8114042995	3.3048076124	0.275456982	0.051499991	1.2874997732
122	0.02	1	6.71	0.33608	0.852179	3.6598381804	0.297299869	0.054678131	1.3669532737
123	0.02	1	6.67	0.3415891478	0.9585812895	2.7575036578	0.319883289	0.057964019	1.4491004645
124	0.02	1	6.63	0.34286	0.8071918	3.0957813748	0.286704496	0.053136504	1.3284126037
125	0.02	1	6.65	0.343830396	0.7084415355	2.7977385512	0.248751653	0.047614365	1.1903591368
126	0.02	1	6.61	0.34479	0.50819817	2.8976741881	0.294892012	0.054327788	1.3581946945
127	0.02	1	6.57	0.3478962079	0.4036499764	3.0243795514	0.513912667	0.086195293	2.1548823273
128	0.02	1	6.52	0.33578	0.451896218	3.3919367755	0.341141772	0.061057128	1.5264281962
129	0.02	1	6.47	0.3290482912	0.5058777275	3.0743657125	0.191022224	0.039214734	0.9803683385
130	0.02	1	6.44	0.3323	0.48168169	3.1151664149	0.197972065	0.040225935	1.005648385
131	0.02	1	6.39	0.34889	0.4601981	3.5864124338	0.183743344	0.038155656	0.953891412
132	0.02	1	6.34	0.3590374835	0.4534195558	3.069576812	0.176785111	0.037143234	0.9285808405
133	0.02	1	6.3	0.3644303008	0.2960946673	3.052844625	0.4104013	0.071134389	1.778359727
134	0.01	1	6.27	0.5	1.0243729614	3.5315082382	0.354614659	0.063017433	1.5754358233
135	0.01	1	6.22	0.4953673391	0.1878992245	2.6787193364	0.283665351	0.052694309	1.3173577158
136	0.01	1	6.18	0.737	0.1814307216	2.9893361557	0.277094669	0.051738274	1.2934568581
137	0.01	1	6.14	0.675	0.2029751171	3.1233848255	0.305810596	0.055916442	1.3979110415
138	0.01	1	6.1	0.4686240684	0.2457842179	3.1765021071	0.360456731	0.063867454	1.5966863597
139	0.01	1	6.06	0.4605965032	0.3170255134	2.9676768275	0.447443363	0.076524009	1.9131002345
140	0.02	1	6.33	0.4511937874	0.297836116	3.4947412796	0.410916079	0.07120929	1.7802322378
141	0.02	1	6.29	0.4396161567	0.4378543426	3.2228305649	0.17279583	0.036562793	0.9140698324
142	0.01	1	6.24	0.4627534016	0.2315368109	3.2697030828	0.336900298	0.060439993	1.5109998332
143	0.01	1	6.21	0.4644082876	0.2371574846	3.0065978636	0.345181902	0.061644967	1.5411241693
144	0.02	1	6.29	0.4668756442	0.1915164532	3.2422091749	0.285932482	0.053024176	1.325604404
145	0.01	1	6.25	0.4609100019	0.2085931158	3.2955830133	0.308389303	0.056291644	1.4072910907
146	0.01	1	6.21	0.4658237188	0.2173719539	3.1586926212	0.321020137	0.05812943	1.4532357496
147	0.01	1	6.17	0.18	0.1954432604	3.1574215285	0.295029936	0.054347856	1.358696393
148	0.01	1	6.12	0.4671624751	0.2230416054	3.1100587132	0.331503482	0.059654757	1.4913689157
149	0.01	1	6.08	0.4578717933	0.2541499487	3.3090409006	0.371369508	0.065455263	1.6363815845
150	0.01	1	6.05	0.4571608265	0.2698471004	3.1392399411	0.392299606	0.068500593	1.712514815
151	0.01	1	6	0.4644738892	0.2317675932	3.1389522814	0.347499381	0.06198216	1.5495540001
152	0.01	1	5.96	0.4537987455	0.27720598	3.198820368	0.405471802	0.070417147	1.760428681
153	0.01	1	5.98	0.4448	0.291681	3.226141989	0.4203134	0.0725766	1.8144149935
154	0.01	1	5.95	0.3862	0.30186917	3.2179874972	0.452543867	0.077266133	1.9316533173
155	0.01	1	5.9	0.3438277457	0.3283607751	3.383005916	0.470120017	0.079823463	1.9955865634
156	0.01	1	5.87	0.4035651736	0.3453868825	3.4004716443	0.492146327	0.083028291	2.0757072649
157	0.01	1	5.82	0.4578436856	0.2096456864	3.2580170229	0.327246937	0.059035429	1.4758857351
158	0.01	1	5.79	0.46055	0.25169633	3.1308445507	0.209925797	0.041965203	1.0491300851
159	0.01	1	5.76	0.4484	0.3024166	3.489048734	0.165471061	0.035497039	0.8874259832
160	0.01	1	5.7	0.4392424628	0.3425801781	3.3130037326	0.151239885	0.033426403	0.8356600825
161	0.01	1	5.67	0.43382	0.2315368109	3.3476242977	0.181141859	0.037777141	0.9444285137
162	0.01	1	5.63	0.41032	0.2371574846	3.2963663473	0.192466958	0.039424942	0.9856235585
163	0.01	1	5.61	0.37672	0.1915164532	3.2868850536	0.21865622	0.04323548	1.0808870002
164	0.01	1	5.57	0.33512	0.2085931158	3.4466609387	0.253575565	0.048316245	1.2079061186
165	0.01	1	5.53	0.3058698	0.2173719539	3.281397152	0.270922741	0.050840259	1.271006471
166	0.01	1	5.48	0.28934	0.1954432604	3.8799874002	0.304170136	0.055677755	1.3919438704
167	0.01	1	5.46	0.24691	0.2230416054	3.1308363917	0.331934352	0.059717448	1.4929362047
168	0.01	1	5.41	0.22521	0.2541499487	3.4632747998	0.362110345	0.064108055	1.6027013793
169	0.01	1	5.39	0.23	0.22489692	3.3566585281	0.374316019	0.065883981	1.6470995199
170	0.01	1	5.34	0.25154	0.198613	3.3250287793	0.343752073	0.061436927	1.5359231667
171	0.01	1	5.31	0.2994	0.1784123	3.4173855024	0.311366914	0.056724886	1.4181221497
172	0.01	1	5.29	0.36661	0.1607293867	3.2116035403	0.282365475	0.052505177	1.3126294135
173	0	1	5.23	0.394189734	0.227029092	5.8055455725	0.379722216	0.066670582	1.6667645594
174	0.01	1	5.65	0.4633757762	0.223403837	2.3807123514	0.353373936	0.062836908	1.5709226922
175	0.04	1	7.42	0.4561978878	0.7292387357	1.672633969	0.234064982	0.045477455	1.1369363713
176	0.05	1	7.58	0.4311591189	0.9191720684	2.2678877553	0.279516302	0.052090622	1.3022655495
177	0.05	1	7.53	0.4211978715	0.4476649815	2.3991820166	0.503864039	0.084733218	2.1183304416
178	0.04	1	7.48	0.4416704975	0.6019564185	2.8953580071	0.646518595	0.105489456	2.6372363907
179	0.04	1	7.43	0.4314974981	0.5478759833	3.2533392451	0.601385469	0.098922586	2.4730646436
180	0.04	1	7.39	0.4567092106	0.40769352	2.855956126	0.473560372	0.080324034	2.0081008541
181	0.04	1	7.43	0.44426	0.40945623	2.7851831683	0.292242689	0.053942311	1.3485577804
182	0.04	1	7.39	0.33467	0.415338	2.8510181066	0.178198952	0.037348948	0.9337236894
183	0.04	1	7.35	0.3	0.4263413511	4.1870253427	0.149197223	0.033129196	0.8282298977
184	0.04	1	7.3	0.4602693255	0.1873863285	4.2564150369	0.072251451	0.021933586	0.5483396514
185	0.04	1	7.25	0.53811	0.167421544	4.3485199901	0.029053227	0.015648245	0.3912061135
186	0.03	1	7.2	0.6121	0.1717510197	4.4250215585	0.031184199	0.015958301	0.3989575247
187	0.03	1	7.15	0.57604	0.1764494122	4.512595966	0.03314202	0.016243164	0.4060790991
188	0.03	1	7.11	0.4925861	0.1810224866	4.5938490735	0.035390526	0.016570322	0.4142580382
189	0.03	1	7.06	0.44941	0.1859411118	4.664886969	0.037944068	0.016941862	0.4235465475
190	0.03	1	7.01	0.2854	0.1912897371	4.7448006071	0.02587312	0.015185539	0.3796384729
191	0.05	1	7.61	0.039913	0.6558628887	4.6610448015	0.02956672	0.015722958	0.3930739458
192	0.09	1	8.33	0.105256	0.3623510354	1.8373124579	0.013760016	0.013423082	0.3355770595
193	0.1	1	8.55	0.15441	0.3191292394	2.0056316418	0.012665663	0.013263854	0.3315963501
194	0.12	1	8.76	0.24749	0.5477415187	2.2217050978	0.030909463	0.015918327	0.3979581718
195	0.14	1	9	0.1206	0.7174413978	2.1555225254	0.045547221	0.018048121	0.4512030156
196	0.13	1	8.91	0.06	0.5192984443	1.7857909067	0.151586409	0.033476822	0.8369205615
197	0.13	1	8.96	0.4755359652	0.6165326775	1.8455860647	0.17490877	0.036870226	0.9217556493
198	0.14	1	9.04	0.57548	0.128594034	1.841156578	0.000852672	0.011545064	0.2886265929
199	0.14	1	9.02	0.55757	0.1763945027	2.2014967947	0.000512431	0.010321579	0.2580394847
200	0.13	1	8.96	0.53149	0.1710762106	2.3195487328	0.000422253	0.010515056	0.262876397
201	0.13	1	8.9	0.52811	0.1810224866	2.4305430571	0.000326236	0.010721061	0.2680265155
202	0.12	1	8.85	0.50125	0.1859411118	2.5312984057	0.000223539	0.010941396	0.2735349045
203	0.12	1	8.79	0.4802	0.1975608	2.5312984057	0.000114765	0.011174771	0.2793692685
204	0.11	1	8.73	0.475569	0.656352086	2.5104809768	9.24542E-007	0.011421135	0.285528363
205	0.11	1	8.67	0.46608	0.3623510354	1.994582292	0.000126	0.011439333	0.2859833268
206	0.11	1	8.61	0.45937	0.1008752396	2.1085576234	0.000254787	0.011458072	0.2864517877
207	0.1	1	8.55	0.46035	0.1047681333	0.6338324735	0.000445381	0.011485803	0.287145075
208	0.1	1	8.5	0.4685256	0.1046836888	1.4261185154	0.00056185	0.011502749	0.2875687279
209	0.09	1	8.44	0.46914	0.1055537535	1.3190625342	0.000701366	0.011523049	0.2880762179
210	0.09	1	8.38	0.4834147885	0.4050434771	1.4063501982	0.128337007	0.030094034	0.7523508611
211	0.09	1	8.33	0.4991737489	0.3830686371	1.5579957291	0.122871366	0.029298784	0.7324695943
212	0.08	1	8.27	0.50554	0.1108052467	1.6213589651	0.001237573	0.011601067	0.2900266725
213	0.08	1	8.22	0.51453	0.1127143837	1.5915115482	0.001439482	0.011630445	0.2907611142
214	0.08	1	8.17	0.5121	0.1156710853	1.5720055094	0.00177521	0.011679293	0.291982325
215	0.07	1	8.11	0.50449	0.1178872855	1.7939658089	0.002008227	0.011713197	0.2928299264
216	0.09	1	8.37	0.49841	1.2198709	1.7373985422	0.028196954	0.015523657	0.3880914202
217	0.14	1	8.98	0.47369	0.5809412933	0.4501518447	0.0075101	0.01251372	0.3128429903
218	0.13	1	8.9	0.43823	0.1295747685	0.3016619867	2.82404E-005	0.011425109	0.2856277246
219	0.12	1	8.85	0.4125696	0.0962262984	0.0573660741	0.000200839	0.010990099	0.2747524715
220	0.12	1	8.85	0.39244	0.3896704296	0.0311234005	0.003260256	0.011895367	0.2973841822
221	0.13	1	8.93	0.3369	0.4037622013	0.3015585905	0.00348838	0.011928559	0.2982139837
222	0.13	1	8.92	0.27244	0.1198301455	0.3729678656	5.56045E-005	0.0113017	0.2825425123
223	0.13	1	8.89	0.248955	0.3756007395	0.3120110396	0.002521369	0.011787859	0.2946964792
224	0.2	1	9.53	0.20033	0.816899214	0.3656388036	0.015145918	0.013624731	0.3406182761
225	0.17	1	9.29	0.12255	0.1841868682	0.4644758922	0.000247483	0.011457009	0.2864252183
226	0.16	1	9.25	0.042496	0.088760918	0.6800545482	0.00064343	0.01004052	0.2510130007
227	0.61	1	11.45	0.033664	0.4521561686	0.7628214174	0.034141235	0.01638855	0.409713742
228	0.22	1	9.68	0.093283	0.4204708063	0.9354282613	0.004254485	0.012040028	0.3010006896
229	0.21	1	9.61	0.0932189	0.2400255097	0.9011788572	0.000692711	0.011521789	0.2880447354
230	0.21	1	9.63	0.10579	0.2524821846	1.0007896427	0.000893155	0.011550954	0.2887738504
231	0.21	1	9.6	0.026578	0.083913451	1.0442540274	0.000911898	0.009464522	0.2366130576
232	0.2	1	9.54	0.12	0.34	0.9224535846	0.185608803	0.038427081	0.9606770215
233	0.19	1	9.47	0.4756378196	0.6921258862	0.7812439991	0.184794952	0.038308666	0.9577166385
234	0.18	1	9.41	0.42699	0.0863284857	0.7280686165	0.000704533	0.009909425	0.2477356353
235	0.17	1	9.35	0.35985	0.0967646209	0.7527921492	0.00053093	0.010281889	0.2570472269
236	0.17	1	9.28	0.21596	0.0881250898	0.7378988892	0.000542566	0.010256925	0.2564231333
237	0.16	1	9.22	0.186202	0.0891047179	0.8037708614	0.000453767	0.010447442	0.2611860526
238	0.15	1	9.16	0.136648	0.0900972707	0.8899696597	0.000360571	0.010647395	0.2661848706
239	0.15	1	9.1	0.10698	0.0911429345	0.8899696597	0.000258009	0.010867442	0.2716860525
240	0.15	1	9.1	0.112688	0.0911245802	0.8899696597	0.000274497	0.010832068	0.2708016888
241	0.16	1	9.23	0.169852	1.1485387192	0.8089860601	0.013418776	0.013373432	0.3343357966
242	2.74	1	14.6	0.120654	0.3484276125	0.8515175472	0.060990363	0.020295098	0.5073774439
243	0.26	1	9.96	0.09582	0.2879855394	0.8955615783	0.001562218	0.011648303	0.2912075683
