# Time-series file for input parameter    									
table-name 'RevRem\_2014'        									
# Air temp from  platform database   									
contents 'revrem nutrientes 2014'    									
   time-unit 'days'     									
   reference-time 20140401 0    									
   time-function 'non-equidistant'     									
   parameter   'time' unit 'days' 									
   parameter   'Flow rate' unit 'm3/s' 									
   parameter   'Continuity' unit 'g/m3'									
   parameter   'Dissolved Oxygen' unit 'g/m3'									
   parameter	'Ammonium (NH4)' unit 'gN/m3'   								
   parameter	'Nitrate (NO3)' unit 'gN/m3'   								
   parameter	'Si' unit 'gSi/m3'    								
   parameter	'PO4' unit 'gP/m3'  								
   parameter	'POP1' unit 'gP/m3'    								
   parameter	'PON1' unit 'gN/m3'    								
0	3.69	1	9.13	0.22245669	0.0989504151	2.5879028746	0.005263935	0.012186902	0.3046725624
1	4.32	1	9.22	0.22223	0.1130023389	2.5312709371	0.0054203	0.012209654	0.3052413402
2	4.72	1	9.27	0.222058	0.0972067427	2.4489162208	0.004912749	0.012135805	0.3033951247
3	4.4	1	9.23	0.22186	0.0989453957	2.3523524426	0.005207031	0.012178623	0.3044655746
4	4.42	1	9.23	0.2241489	0.1001779093	2.5879028746	0.005410262	0.012208193	0.3052048285
5	4.8	1	9.28	0.22149	0.1017613692	2.7857354588	0.005657542	0.012244172	0.3061043079
6	5.31	1	9.34	0.22133	0.1034472446	2.8875962139	0.005935683	0.012284642	0.3071160454
7	5.77	1	9.39	0.215889	0.1053547885	2.6420582921	0.006248848	0.012330207	0.3082551833
8	5.59	1	9.37	0.2258984	0.1076955134	2.731481186	0.006631055	0.012385818	0.3096454608
9	5.41	1	9.35	0.22145	0.1101543756	2.8206281285	0.007033126	0.01244432	0.3111079971
10	5.68	1	9.38	0.22448	0.110397129	2.6486642163	0.007187455	0.012466775	0.3116693681
11	5.42	1	9.35	0.22371	0.1110126625	2.6016653258	0.007276964	0.012479798	0.3119949558
12	5.04	1	9.31	0.267785	0.1137897419	2.5599105451	0.007722718	0.012544656	0.3136163882
13	4.88	1	9.3	0.246948	0.1165978966	2.4870302391	0.008169691	0.01260969	0.3152422511
14	4.87	1	9.29	0.235477	0.1194546289	2.2923389395	0.008632846	0.012677079	0.3169269769
15	4.74	1	9.28	0.2228	0.1203676437	2.2746442406	0.008857248	0.01270973	0.3177432385
16	4.55	1	9.26	0.2214788	0.1235012212	2.2746442406	0.009360465	0.012782948	0.3195736905
17	4.3	1	9.22	0.2194585	0.1268473612	2.2199909103	0.00988867	0.012859801	0.3214950357
18	4.17	1	9.21	0.2152889	0.1303069844	2.1028699064	0.010437273	0.012939623	0.3234905814
19	6.75	1	9.48	0.20801	0.4460972901	2.092590944	0.060560866	0.020232606	0.5058151497
20	5.26	1	9.33	0.20199	0.11036534	2.0822259641	0.006047358	0.012300891	0.3075222643
21	4.78	1	9.28	0.19521	0.0953861499	2.0506002155	0.004365361	0.01205616	0.3014040016
22	4.35	1	9.22	0.18832	0.0949974378	2.0071358309	0.004470649	0.012071479	0.3017869859
23	4.6	1	9.25	0.1826	1.1546806251	1.9735064024	0.138136535	0.031519866	0.787996647
24	4.5	1	9.24	0.1807	0.092536431	1.9271979112	0.003801539	0.011974124	0.2993530973
25	4.92	1	9.29	0.18466	0.2128847539	1.7901266687	0.032075189	0.01608794	0.4021985017
26	5.1	1	9.31	0.19186	0.0875517961	1.6654688064	0.003066986	0.011867246	0.2966811605
27	4.62	1	9.25	0.20072	0.0890867251	1.7362656672	0.003342887	0.01190739	0.2976847525
28	4.41	1	9.23	0.2094756	0.0904876368	1.7634889138	0.003588174	0.011943079	0.2985769829
29	4.24	1	9.21	0.21588	0.0919322112	1.6942749387	0.003837676	0.011979382	0.299484547
30	4.1	1	9.19	0.2217234876	0.0787325882	1.8290390164	0.001662779	0.011662934	0.2915733602
31	3.97	1	9.17	0.21736	0.0794205937	1.9505685642	0.001807313	0.011683964	0.2920990994
32	3.73	1	9.14	0.21161	0.0801748514	2.0290586663	0.001987874	0.011710236	0.2927558923
33	3.45	1	9.09	0.20549	0.0809798804	2.0071358309	0.002193551	0.011740162	0.2935040427
34	3.27	1	9.06	0.19643	0.0818067779	1.9620905809	0.002381265	0.011767474	0.2941868531
35	3.18	1	9.05	0.1921489	0.0826596215	1.9271979112	0.002546232	0.011791477	0.2947869191
36	3.15	1	9.05	0.19518	0.0835438324	1.7634889138	0.002694648	0.011813071	0.2953267815
37	3.12	1	9.04	0.201178	0.0848517774	1.7768793995	0.002949148	0.011850101	0.2962525241
38	2.95	1	9.01	0.224147895	0.0855027927	1.6799556132	0.003072586	0.011868061	0.296701531
39	2.82	1	8.99	0.2102588	0.0865639674	1.6508105541	0.003283019	0.011898679	0.2974669825
40	2.7	1	8.96	0.2018532515	0.0876830574	1.7084306112	0.003504995	0.011930977	0.2982744176
41	2.57	1	8.94	0.21569	0.088857369	1.7224263292	0.003736462	0.011964655	0.2991163805
42	2.45	1	8.91	0.213668	0.0900895569	1.6942749387	0.003980271	0.012000129	0.300003236
43	2.32	1	8.88	0.22501	0.0913816584	1.5903786731	0.004235497	0.012037265	0.3009316191
44	2.2	1	8.85	0.220448	0.0927359442	1.5104407534	0.004503747	0.012076295	0.3019073806
45	2.12	1	8.84	0.22568	0.0941572227	1.4938148949	0.004758373	0.012113343	0.3028335832
46	2.07	1	8.82	0.22369	0.0956450004	1.407163637	0.005006907	0.012149505	0.3037376228
47	2.03	1	8.81	0.2014786	0.0972013017	1.407163637	0.005255706	0.012185705	0.3046426317
48	2	1	8.81	0.1832639	0.0988345847	1.4249856404	0.005510174	0.01222273	0.3055682597
49	2.36	1	8.9	0.26894	0.095516173	1.5104407534	0.005704283	0.012250973	0.3062743309
50	2.15	1	8.85	0.236588	0.0894694222	1.6057653041	0.005800913	0.012265033	0.3066258203
51	2.4	1	8.91	0.21295	0.0880197223	1.6359767497	0.005074231	0.012159301	0.3039825144
52	2.74	1	8.98	0.18651	0.5130210267	1.6209631372	0.150572754	0.033329336	0.8332333937
53	2.37	1	8.89	0.1645178	0.0828220587	1.5903786731	0.003725018	0.01196299	0.2990747514
54	2.17	1	8.84	0.2086128	0.0838494451	1.5590198371	0.004031034	0.012007516	0.3001878877
55	2.07	1	8.82	0.2158218	0.0849038685	1.4769628273	0.004279261	0.012043632	0.301090811
56	2.02	1	8.81	0.22502	0.0860045616	1.3139913161	0.004509815	0.012077178	0.3019294504
57	2.04	1	8.82	0.216418	0.0871498181	1.2944852773	0.004687715	0.012103063	0.302576564
58	2.1	1	8.83	0.215148	0.0843779165	1.3521053344	0.004036141	0.012008259	0.3002064635
59	2.11	1	8.83	0.223189	0.0838238673	1.407163637	0.003870593	0.011984171	0.2996042808
60	2.04	1	8.81	0.22896	0.0847636309	1.407163637	0.004071399	0.012013389	0.3003347145
61	2	1	8.8	0.22576	0.0710762172	1.4249856404	0.000621724	0.011511461	0.2877865204
62	1.94	1	8.79	0.22576	0.0710984001	1.4249856404	0.000685757	0.011520778	0.2880194398
63	1.87	1	8.77	0.215885	0.0711383355	1.3890814493	0.000763041	0.011532022	0.2883005619
64	1.84	1	8.76	0.20147786	0.0711169836	1.3707313676	0.000793856	0.011536506	0.288412651
65	1.8	1	8.75	0.18332478	0.0711110325	1.2944852773	0.000832214	0.011542087	0.2885521794
66	1.73	1	8.73	0.190147	0.0711619151	1.1920626679	0.000925417	0.011555648	0.2888912051
67	1.69	1	8.72	0.192790461	0.071159071	1.1705211186	0.000972169	0.011562451	0.289061266
68	1.64	1	8.7	0.19178	0.0711776502	1.1485982833	0.00103676	0.011571849	0.2892962142
69	1.57	1	8.68	0.19027	0.0712447127	1.1485982833	0.001151084	0.011588483	0.2897120665
70	1.5	1	8.66	0.224786	0.071289373	1.1262804207	0.001250345	0.011602925	0.2900731285
71	1.34	1	8.6	0.2103688	0.0715469462	1.1035530333	0.001553184	0.011646988	0.2911747064
72	1.34	1	8.59	0.203657	0.0714889561	1.1262804207	0.001555235	0.011647287	0.2911821675
73	1.28	1	8.57	0.3681	0.0715502877	1.1035530333	0.001670369	0.011664039	0.2916009684
74	1.19	1	8.54	0.246963	0.0716832181	1.1485982833	0.001874364	0.01169372	0.292343
75	1.24	1	8.56	0.2102821	0.071500738	1.1705211186	0.00174524	0.011674932	0.291873311
76	1.24	1	8.56	0.19306	0.0714350697	1.1485982833	0.001736379	0.011673643	0.2918410784
77	1.23	1	8.56	0.19291	0.071402	1.1262804207	0.001751826	0.011675891	0.2918972688
78	1.17	1	8.53	0.19292	0.0714795284	1.0327561725	0.001896465	0.011696936	0.2924233897
79	1.11	1	8.5	0.1921	0.0715686803	0.9832052505	0.002060484	0.0117208	0.2930200095
80	1.07	1	8.49	0.19174	0.071604245	0.9832052505	0.002169066	0.011736599	0.2934149766
81	1.13	1	8.52	0.19085	0.071401866	0.9576660392	0.001986444	0.011710028	0.2927506907
82	1.06	1	8.48	0.1898	0.0714921467	1.0082284826	0.002194466	0.011740295	0.2935073687
83	0.99	1	8.45	0.19151	0.0716064814	1.0082284826	0.002394426	0.011769389	0.2942347232
84	1.01	1	8.46	0.18845	0.0715018379	0.9576660392	0.002333553	0.011760532	0.2940132982
85	1.5	1	8.67	0.18517	0.0703922453	0.9576660392	0.001204854	0.011596306	0.2899076556
86	1.15	1	8.52	0.18715	0.0709746456	0.9315891211	0.001943646	0.011703801	0.2925950128
87	1.08	1	8.49	0.1802889	0.0710916089	0.9049513662	0.002130897	0.011731046	0.2932761376
88	0.99	1	8.45	0.17651	0.0712870846	0.9049513662	0.002431743	0.011774819	0.2943704649
89	0.94	1	8.42	0.18236	0.0713539813	0.8777281195	0.002570903	0.011795066	0.2948766597
90	0.9	1	8.4	0.1705893	0.0714246469	0.8498930636	0.002720353	0.011816811	0.2954202823
91	0.82	1	8.35	0.169278	0.1039732755	1.3920288931	0.003102958	0.01187248	0.2968120089
92	0.8	1	8.34	0.16268	0.1044985905	1.3920288931	0.00315452	0.011879983	0.2969995677
93	0.93	1	8.42	0.15757	0.581204608	1.3798429129	0.002609266	0.011800648	0.2950162055
94	1.64	1	8.68	0.1697198492	0.0827097783	1.6337773044	0.000489127	0.010371578	0.259289461
95	1.21	1	8.51	0.1807	0.0967784111	1.8112583229	0.002003638	0.011712529	0.2928132328
96	1.09	1	8.46	0.18962	0.0998744695	1.6701473586	0.002348125	0.011762652	0.2940663038
97	1.17	1	8.49	0.1962	0.0988721571	1.5707751569	0.002147982	0.011733531	0.2933382829
98	1.07	1	8.44	0.20054	0.1031260104	1.5496018573	0.003610201	0.011946284	0.2986571074
99	1	1	8.4	0.2013183746	0.0699754032	1.5071130127	0.000593135	0.01014843	0.2537107446
100	0.95	1	8.38	0.20183	0.0558283455	1.4779073895	0.001934361	0.007270829	0.1817707371
101	0.92	1	8.36	0.19834	0.0771018791	1.7287784405	0.000228557	0.011454255	0.2863563769
102	0.88	1	8.34	0.19083	0.0785488158	1.3586696133	0.000448307	0.011486229	0.2871557171
103	0.83	1	8.31	0.18065	0.077818696	1.6159523208	0.000476019	0.011490261	0.2872565208
104	0.74	1	8.25	0.17	0.113423507	1.5317898924	0.003723324	0.011962744	0.2990685915
105	0.69	1	8.2	0.16862	0.088995507	1.2293550884	0.001852139	0.011690486	0.2922621554
106	0.65	1	8.18	0.16261	0.0927878628	1.1871599861	0.00228446	0.011753389	0.293834723
107	0.61	1	8.15	0.1668373726	0.104021455	1.1415705019	0.003343921	0.011907541	0.2976885132
108	0.59	1	8.13	0.18446	0.1251713168	1.115641536	0.004870508	0.012129659	0.3032414725
109	0.58	1	8.12	0.1997770176	0.0980371466	1.131950059	0.002916559	0.011845359	0.2961339835
110	0.66	1	8.2	0.2062314091	0.0824155069	1.1807983288	0.001306693	0.011611124	0.2902780969
111	0.68	1	8.22	0.2153654317	0.0723310203	1.4108824528	0.000331583	0.011469245	0.2867311335
112	0.6	1	8.15	0.21403	0.1252060902	1.2798898909	0.006961907	0.012433957	0.3108489366
113	0.56	1	8.12	0.2069360233	0.0815063475	0.6620533922	0.001467603	0.011634536	0.2908634055
114	0.54	1	8.1	0.2081971587	0.0841583343	0.617833533	0.001766402	0.011678012	0.2919502878
115	0.54	1	8.1	0.20774	0.1301547853	1.0739846625	0.005178822	0.012174519	0.3043629642
116	0.53	1	8.1	0.20521	0.1301846859	0.5142877382	0.005182992	0.012175125	0.3043781336
117	0.51	1	8.07	0.20083	0.1331405047	0.456667681	0.005433925	0.012211636	0.3052909026
118	0.48	1	8.04	0.198115817	0.1000330153	0.406278968	0.003303835	0.011901708	0.2975426992
119	0.47	1	8.03	0.1923568688	0.1051440024	0.3507946654	0.00374789	0.011966318	0.2991579499
120	0.47	1	8.04	0.1940341148	0.1046425387	0.2723120695	0.003676785	0.011955972	0.298899306
121	0.46	1	8.03	0.1823388082	0.1311563897	0.2240000999	0.005692762	0.012249297	0.3062324225
122	0.44	1	8	0.192790461	0.0509039266	0.1740327993	0.003904999	0.011989177	0.2997294344
123	0.43	1	8	0.2055289143	0.0410712311	0.8462543629	0.003174669	0.011882914	0.2970728571
124	0.46	1	8.04	0.2048346157	0.0436565667	0.8796773433	0.003047009	0.01186434	0.2966084957
125	0.43	1	8.01	0.1986398894	0.0502157816	0.9072912699	0.003871237	0.011984265	0.2996066239
126	0.41	1	7.98	0.200667734	0.0395269479	0.8435521433	0.003299665	0.011901101	0.2975275298
127	0.39	1	7.95	0.19873	0.0870746995	0.7524682331	0.006612619	0.012383136	0.3095784031
128	0.38	1	7.94	0.19292	0.0867355551	0.0501894857	0.006727293	0.012399821	0.3099955291
129	0.37	1	7.93	0.1898725653	0.0663970606	0.6935126284	0.005953471	0.01228723	0.3071807502
130	0.36	1	7.92	0.19151	0.0862748101	0.6579064629	0.00686586	0.012419983	0.3104995652
131	0.36	1	7.93	0.19361	0.0859758717	0.6773471808	0.006817197	0.012412902	0.3103225551
132	0.35	1	7.91	0.1939222112	0.042213908	0.6472336619	0.004513657	0.012077737	0.3019434257
133	0.34	1	7.9	0.1936504232	0.0407993043	0.6168451956	0.004550445	0.01208309	0.3020772427
134	0.33	1	7.88	0.1928	0.0870093806	0.5571696041	0.007325416	0.012486848	0.3121712004
135	0.33	1	7.88	0.19066	0.0860690228	0.5591991671	0.007291255	0.012481878	0.3120469411
136	0.32	1	7.87	0.18715	0.0854132047	0.552480085	0.007470093	0.012507898	0.3126974624
137	0.31	1	7.86	0.18239	0.0844369098	0.5150761321	0.00757677	0.01252342	0.3130855017
138	0.31	1	7.86	0.17651	0.08326374	0.5036808561	0.007551986	0.012519814	0.3129953509
139	0.33	1	7.9	0.1705893	0.0820699996	0.534434061	0.007156338	0.012462247	0.3115561794
140	0.46	1	8.07	0.16973	0.0597795419	0.1812782982	0.004145462	0.012024165	0.3006041188
141	0.4	1	8	0.16268	0.080197925	0.4785905164	0.00612219	0.012311779	0.3077944644
142	0.36	1	7.94	0.15757	0.0828727677	0.5142877382	0.006685334	0.012393716	0.309842902
143	0.35	1	7.94	0.1648964892	0.031007157	0.5387668893	0.003527697	0.01193428	0.2983569992
144	0.38	1	7.98	0.1963506169	0.0495037427	0.5548427365	0.004498629	0.012075551	0.3018887645
145	0.35	1	7.93	0.20642998	0.0334950375	0.5478930818	0.003810824	0.011975475	0.2993868734
146	0.32	1	7.9	0.2019996329	0.0389638623	0.5237293052	0.004658838	0.012098861	0.3024715236
147	0.3	1	7.87	0.2400416423	0.0394934477	0.5405719382	0.005053616	0.012156301	0.3039075284
148	0.29	1	7.85	0.1889337833	0.0394940068	0.4760072508	0.005229678	0.012181918	0.304547955
149	0.29	1	7.84	0.19045	0.3713693187	        0.4343498185    0.006	0.009784538	0.01284465	0.3211162566
150	0.28	1	7.83	0.1915351044	0.0591634514	0.406768868	0.006808311	0.012411609	0.3102902325
151	0.29	1	7.85	0.19125	0.0814073579	0.3648769641	0.007691516	0.012540116	0.3135028903
152	0.29	1	7.86	0.18654	0.0805602848	0.3488947054	0.00754945	0.012519445	0.3129861236
153	0.28	1	7.84	0.17679	0.4593785083	0.3448667088	0.118911053	0.028722558	0.7180639547
154	0.26	1	7.81	0.16399	0.4875203325	0.3038494554	0.12066793	0.028978184	0.7244545965
155	0.25	1	7.78	0.1637589164	0.1382337436	0.2872121352	0.006054135	0.012301877	0.3075469155
156	0.24	1	7.77	0.2040456408	0.1391388253	0.2601285884	0.006090783	0.012307209	0.3076802236
157	0.24	1	7.77	0.20787	0.1871666626	0.2123301546	0.219095445	0.043299387	1.08248468
158	0.24	1	7.77	0.24418	0.1859951507	0.2085249047	0.229541395	0.044819273	1.1204818253
159	0.24	1	7.77	0.26895	0.150787151	0.1750469786	0.237859239	0.046029519	1.1507379828
160	0.24	1	7.77	0.28545	0.1554442197	0.1579624614	0.249033612	0.047655391	1.1913847642
161	0.25	1	7.79	0.29581	0.1532373772	0.1230697917	0.260369032	0.049304694	1.2326173526
162	0.25	1	7.79	0.30151	0.1826514422	0.2346706325	0.269097204	0.050574643	1.2643660799
163	0.25	1	7.8	0.30357	0.1465226371	0.2571039884	0.279759446	0.052125999	1.3031499851
164	0.25	1	7.79	0.30273	0.1381242754	0.2249305467	0.289189809	0.053498117	1.3374529314
165	0.24	1	7.78	0.29956	0.1445930065	0.2019013175	0.300801114	0.055187562	1.3796890538
166	0.24	1	7.78	0.295161	0.1516236025	0.1545170965	0.314047253	0.057114875	1.4278718816
167	0.26	1	7.82	0.29448	0.151891307	0.1052477883	0.332121205	0.059744635	1.4936158845
168	0.22	1	7.74	0.28781	0.2494746307	0.1016524074	0.371617372	0.065491328	1.6372831913
169	0.14	1	7.51	0.27981	0.30191013	0.0930545267	0.057369389	0.019768246	0.4942061519
170	0.15	1	7.54	0.27068	0.3220654291	0.1010983444	0.397922839	0.069318773	1.7329693269
171	0.15	1	7.57	0.26059	0.3147007483	0.1052477883	0.419714447	0.072489452	1.8122363023
172	0.16	1	7.59	0.254789	0.2080524874	0.1052477883	0.429759968	0.073951075	1.8487768828
173	0.18	1	7.64	0.24967	0.3097700007	0.1052477883	0.468996789	0.079660033	1.9915008211
174	0.82	1	8.38	0.23803	0.8403604856	1.1438999753	12.93187158	1.893008316	4.7325207889
175	0.77	1	8.3	0.22576	0.212653373	2.4577252208	0.057015672	0.01971678	0.4929195066
176	0.65	1	8.19	0.21295	0.2280681074	1.8393403349	0.026445038	0.015268753	0.3817188268
177	0.45	1	7.97	0.2018532515	0.1197081488	1.5755947102	0.041278128	0.017426968	0.4356741912
178	0.37	1	7.86	0.18429	0.1967393767	0.6263771564	0.026346795	0.015254459	0.3813614682
179	0.34	1	7.81	0.1767171584	0.1791897052	0.4515883254	0.009571721	0.012813685	0.3203421338
180	0.33	1	7.8	0.17995	0.2131927387	0.3621872194	0.027934058	0.015485405	0.3871351355
181	0.38	1	7.86	0.19135	0.2153802155	1.0732400605	0.029077787	0.015651818	0.3912954512
182	0.35	1	7.82	0.2020985822	0.1349116363	1.0477116553	0.006364021	0.012346965	0.3086741265
183	0.27	1	7.63	0.20777	0.2355140002	0.994807548	0.030482325	0.015856178	0.3964044583
184	0.24	1	7.56	0.2115	0.2510914956	0.9517599224	0.030297055	0.015829222	0.395730538
185	0.22	1	7.53	0.21399	0.2629259749	0.8993079167	0.030795854	0.015901797	0.397544918
186	0.21	1	7.5	0.2158665	0.0797711561	0.8543793899	0.031399784	0.015989669	0.3997417151
187	0.21	1	7.49	0.21584	0.2849780894	0.8043615092	0.032354093	0.016128521	0.403213013
188	0.21	1	7.5	0.21731	0.2948012084	0.7593162592	0.033576019	0.016306311	0.4076577675
189	0.21	1	7.52	0.21854	0.3017419834	0.721016138	0.035604439	0.016601446	0.4150361478
190	0.24	1	7.63	0.21962	0.2541127411	0.679143064	0.029503816	0.015713805	0.3928451322
191	1.16	1	8.52	0.22057	0.6966536671	0.7230617336	0.136915781	0.031342246	0.7835561521
192	1.43	1	8.61	0.22145	0.2759681133	2.8733543749	0.046439351	0.018177926	0.45444814
193	1.01	1	8.4	0.22245669	0.2511859162	2.7197901282	0.036588003	0.016744555	0.4186138626
194	1.51	1	8.63	0.22223	0.5689681646	2.5255238098	0.086542246	0.024012897	0.6003224203
195	1.89	1	8.75	0.22302	0.8210734837	2.5846604679	0.148020408	0.032957969	0.8239492357
196	1.96	1	8.77	0.22374	0.1053425135	2.9180394074	0.004863962	0.012128707	0.3032176634
197	1.4	1	8.58	0.2243660863	0.0586989234	2.8640915702	0.001593203	0.008002782	0.2000695491
198	4.54	1	9.25	0.22501	0.0958213387	1.9033777951	0.003359999	0.01190988	0.2977469968
199	2.31	1	8.86	0.22543	0.0953370576	1.5430375784	0.003997714	0.012002667	0.3000666845
200	1.6	1	8.66	0.225972	0.1016005076	1.4249856404	0.004866388	0.012129059	0.3032264854
201	1.29	1	8.53	0.22568	0.1068042129	1.3139913161	0.005563796	0.012230532	0.3057633066
202	1.09	1	8.43	0.22576	0.1118974885	1.2132359675	0.00622852	0.01232725	0.3081812415
203	0.95	1	8.36	0.22568	0.1166918055	1.2132359675	0.006827483	0.012414399	0.310359969
204	0.84	1	8.28	0.22544	0.1218166952	1.2340533963	0.007427255	0.012501666	0.3125416419
205	0.77	1	8.23	0.22502	0.1263651929	1.7499520811	0.007930318	0.012574861	0.3143715308
206	0.72	1	8.19	0.22445	0.1305290886	1.6359767497	0.008366048	0.01263826	0.3159565006
207	0.81	1	8.28	0.22419	0.1281016547	3.1107018996	0.008117801	0.01260214	0.3150535016
208	0.99	1	8.4	0.22371	0.1247998511	2.3184158577	0.007795119	0.01255519	0.3138797443
209	0.78	1	8.26	0.2228	0.1336045867	2.4254718389	0.008704636	0.012687525	0.3171881131
210	0.7	1	8.2	0.2217234876	0.0647483655	2.3375366549	0.000980272	0.01156363	0.2890907378
211	0.65	1	8.16	0.2152889	0.1300608	2.182167884	0.009055086	0.012738515	0.318462874
212	0.61	1	8.13	0.201891	0.1338353714	2.1231754081	0.009379437	0.012785708	0.3196427033
213	0.58	1	8.1	0.19518	0.1376017743	2.1530228249	0.009673221	0.012828454	0.3207113409
214	0.55	1	8.08	0.18414561	0.142237335	2.1725288637	0.010099025	0.012890408	0.3222602025
215	0.56	1	8.08	0.1807	0.1449728379	1.9505685642	0.010261642	0.012914069	0.3228517215
216	0.87	1	8.35	0.18541	1.8581394279	2.0071358309	0.047454577	0.018325641	0.458141022
217	4.77	1	9.28	0.19093	0.4995153892	4.1946862178	0.020976854	0.014473132	0.3618283056
218	2.53	1	8.91	0.19506	0.1098806623	4.0461963598	0.005039154	0.012154197	0.3038549218
219	2.41	1	8.89	0.19892	0.0960336114	3.8019004473	0.004950714	0.012141329	0.3035332218
220	2.29	1	8.86	0.2034	0.4302362907	3.7756577736	0.015421528	0.013664832	0.3416208099
221	2.19	1	8.83	0.20669	0.4389806003	3.4429757826	0.015979536	0.013746023	0.3436505627
222	2.08	1	8.8	0.20972	0.1084985312	3.3715665075	0.004996609	0.012148007	0.3037001657
223	1.96	1	8.77	0.21315	0.3637863664	3.4325233335	0.012759935	0.01327757	0.3319392625
224	3.25	1	9.05	0.2156	0.6310496521	3.3788955695	0.037594299	0.016890971	0.4222742628
225	4.81	1	9.27	0.21779	0.2008347559	3.2800584809	0.005980359	0.012291142	0.3072785571
226	4.01	1	9.17	0.21973	0.0890242424	3.0644798249	0.003086368	0.011870066	0.296751662
227	11.37	1	9.77	0.22179	0.5585583162	2.9817129557	0.059213309	0.020036537	0.5009134125
228	8.03	1	9.56	0.22314	0.3580550881	2.8091061118	0.013904634	0.013444124	0.3361031055
229	11.94	1	9.8	0.22424	0.1277003139	2.843355516	0.003075343	0.011868462	0.296711561
230	13.73	1	9.88	0.22525	0.1322774377	2.7437447304	0.003328507	0.011905298	0.2976324459
231	7.43	1	9.52	0.22576	0.0834206919	2.7002803458	0.002080878	0.011723768	0.2930941945
232	5.83	1	9.38	0.022577	0.0851056721	2.8206281285	0.002389833	0.011768721	0.2942180176
233	5.19	1	9.31	0.22606	0.0865086724	2.961407454	0.005430472	0.012211134	0.3052783433
234	4.76	1	9.26	0.226	0.0878792098	3.0164657566	0.002884823	0.011840742	0.2960185452
235	4.54	1	9.23	0.22568	0.0910571224	2.991742224	0.003130629	0.011876506	0.2969126612
236	4.69	1	9.26	0.2251	0.0901882017	3.0066354839	0.003272502	0.011897149	0.2974287247
237	4.4	1	9.22	0.22472	0.0916837191	2.9407635118	0.00352638	0.011934088	0.2983522062
238	3.93	1	9.16	0.22145	0.0934679218	2.8545647134	0.003831462	0.011978478	0.2994619432
239	3.65	1	9.11	0.201599	0.0951800315	2.8545647134	0.004116652	0.012019973	0.3004993227
240	3.23	1	9.04	0.18667	0.0955763495	2.8545647134	0.004252415	0.012039726	0.300993158
241	5.59	1	9.36	0.202599	1.2130835964	2.9355483131	0.041194443	0.017414792	0.4353697876
242	17.07	1	10	0.2245896	0.5868980418	2.8930168259	0.086522505	0.024010025	0.6002506136
243	14.13	1	9.89	0.184519	0.2751881472	2.8489727948	0.009378829	0.01278562	0.3196404921
